0
0
0
0
0
0
0
0
0
0
0
2
2
2
2
3
4
4
5
4
5
4
4
5
4
4
4
3
4
3
4
4
3
4
3
3
3
2
3
3
3
3
4
7
9
11
11
13
16
15
17
19
23
24
25
26
29
31
32
37
37
38
39
38
40
41
42
44
44
45
45
47
47
49
48
50
49
52
53
53
54
53
55
57
57
58
59
58
59
61
62
62
63
63
65
65
67
67
68
68
69
70
71
72
73
73
74
74
75
77
76
78
79
80
82
82
83
83
84
85
87
86
88
89
89
90
91
93
94
94
94
96
96
97
99
99
100
100
103
103
104
104
105
106
107
107
108
109
110
111
112
113
113
114
113
115
117
117
118
119
119
120
121
122
122
123
124
124
126
127
127
127
129
129
131
131
132
134
133
135
136
137
137
139
138
139
140
142
142
143
143
144
146
147
147
148
148
149
148
151
152
151
153
153
154
155
156
156
157
157
158
159
161
161
161
162
162
163
164
165
166
166
166
167
168
170
170
171
171
172
174
174
175
176
176
176
178
178
179
179
180
180
182
183
184
184
185
184
186
185
188
189
189
190
190
190
192
194
194
194
195
196
197
198
199
200
200
202
203
203
202
204
204
205
207
207
208
209
209
210
211
212
211
210
214
214
216
218
219
220
220
225
227
226
228
231
231
233
232
234
237
238
239
240
242
243
243
244
244
245
246
247
248
248
249
249
250
251
252
252
253
253
254
254
254
256
258
258
258
259
259
261
261
262
262
263
263
265
266
266
267
267
268
268
269
270
271
271
272
272
272
275
276
276
277
277
277
279
280
280
282
282
282
284
284
285
286
286
287
288
289
289
290
290
291
291
293
294
295
294
296
295
296
298
299
299
301
302
303
305
304
306
307
309
310
310
312
312
314
315
317
317
318
317
320
322
322
323
323
326
327
327
329
331
333
334
334
335
336
338
339
340
342
342
344
345
346
347
346
345
344
351
354
356
357
358
358
359
358
360
361
362
363
364
364
365
367
367
368
368
369
369
371
371
372
373
373
373
374
375
374
376
375
376
376
376
377
377
378
378
378
379
379
379
380
379
380
381
381
381
381
382
382
382
381
382
381
382
382
382
382
382
382
382
381
382
382
382
382
382
382
382
382
382
381
382
381
382
382
382
382
382
382
381
380
379
378
382
382
382
382
382
381
382
382
382
382
382
382
381
382
381
382
382
382
382
381
382
382
382
382
381
383
382
382
382
382
381
382
382
382
382
382
381
382
381
382
382
382
382
382
382
382
382
382
382
382
382
382
382
382
382
382
382
382
382
382
382
382
382
381
382
382
382
382
382
382
381
382
381
382
381
382
382
382
382
382
382
382
382
382
382
382
382
382
381
382
381
382
382
382
382
382
382
381
382
381
382
382
381
380
379
378
382
381
382
382
381
382
382
382
382
382
382
382
382
382
382
382
382
382
381
382
381
380
382
382
381
382
382
382
382
382
382
382
382
382
382
381
382
382
382
382
382
382
382
382
382
382
382
382
381
382
381
382
381
382
382
382
382
381
382
382
382
382
382
382
382
382
382
382
382
382
382
382
382
381
382
381
382
382
382
381
382
381
382
382
382
382
382
382
382
382
382
382
382
382
382
382
382
381
382
381
382
382
382
381
382
381
382
382
382
381
381
382
382
382
382
382
382
382
382
382
382
382
382
381
382
381
382
382
382
382
381
382
381
382
382
382
381
381
382
382
382
382
382
382
382
382
382
382
382
382
382
382
382
382
382
382
382
382
382
382
382
382
382
382
382
382
382
382
382
382
382
382
382
382
382
382
382
382
382
382
382
382
382
382
382
382
382
382
382
382
382
382
382
382
382
382
381
382
382
381
382
381
382
381
380
379
378
382
381
382
382
382
382
382
382
382
382
382
382
382
382
382
382
382
382
382
382
382
382
382
382
382
382
382
382
382
382
382
382
382
382
382
382
382
382
382
382
382
382
382
382
382
381
382
382
382
382
382
382
382
382
382
382
382
382
382
382
382
382
382
381
382
381
382
382
381
382
381
382
382
382
382
382
382
382
382
383
382
382
382
382
382
381
382
381
382
382
382
382
382
382
382
381
382
382
382
382
382
382
382
382
382
382
382
382
382
382
382
381
382
381
382
381
382
381
380
382
381
382
382
382
382
382
381
382
382
382
382
382
382
382
382
382
382
381
382
382
382
381
382
382
382
382
381
380
381
381
382
382
381
382
381
382
382
382
381
381
382
381
381
382
382
382
382
382
382
381
382
381
382
381
381
382
382
382
381
380
381
382
382
382
381
382
381
382
382
382
382
382
382
382
382
382
381
380
381
381
382
382
381
382
381
382
381
382
381
381
381
381
381
382
381
382
381
382
381
382
382
382
382
382
381
382
382
382
381
382
381
381
382
382
382
382
381
382
381
382
381
381
381
381
381
382
381
382
381
382
381
382
382
382
382
381
382
382
382
381
381
381
381
381
382
381
382
381
382
381
382
381
382
381
381
381
382
383
382
382
382
382
382
382
382
382
382
382
382
382
381
380
379
381
382
382
382
382
382
382
382
381
382
381
382
382
382
382
382
382
382
381
382
381
382
381
382
381
382
382
382
382
381
382
382
382
381
382
381
382
382
382
382
382
382
382
382
382
381
381
381
382
382
382
382
382
382
382
382
381
382
381
381
382
382
381
382
381
382
382
382
382
381
382
381
382
381
382
381
382
382
382
382
382
382
382
382
382
382
382
382
381
382
382
382
381
380
379
381
382
382
381
382
381
382
381
382
381
382
381
382
382
382
382
382
382
382
382
382
382
382
382
382
381
382
381
382
382
382
382
382
382
382
382
382
381
382
381
382
382
382
381
382
381
382
382
382
381
382
381
382
382
382
382
382
382
381
382
382
382
382
382
382
382
382
382
382
382
382
382
382
382
382
382
382
382
382
382
382
382
382
382
382
382
382
382
382
382
382
382
382
382
381
382
381
382
382
382
382
382
382
382
382
382
382
382
381
381
381
382
382
382
382
382
382
382
382
381
382
382
382
381
382
381
382
382
381
382
381
382
381
382
381
382
381
382
381
382
381
381
381
381
381
382
382
382
382
382
382
382
382
382
382
382
382
382
382
381
382
381
382
381
382
382
382
381
382
381
382
382
382
381
382
381
381
382
382
382
382
382
382
382
382
381
382
381
381
381
382
382
382
382
382
382
382
382
382
382
382
382
382
382
382
382
382
382
382
382
382
382
382
382
382
382
382
382
382
382
382
382
382
382
382
382
382
382
382
382
382
382
382
382
382
382
381
382
381
382
381
382
381
382
381
382
381
382
382
382
381
382
381
382
382
382
381
382
382
382
382
382
382
382
382
382
382
382
382
381
382
382
382
382
382
382
382
382
382
382
382
382
382
382
382
382
382
382
382
382
382
382
382
382
382
382
382
382
382
382
381
382
381
382
382
382
382
382
382
382
382
382
382
381
382
381
382
381
382
381
382
381
382
381
382
382
382
382
382
382
382
382
382
382
381
380
379
382
381
382
381
382
382
382
382
381
382
381
382
382
382
382
382
382
382
382
382
382
382
382
382
382
382
382
382
382
382
382
382
382
382
382
382
382
382
381
382
381
382
382
382
382
381
382
382
382
382
382
382
381
382
381
381
380
379
380
381
382
381
381
380
382
382
381
382
382
381
382
382
381
381
381
381
381
382
382
381
381
381
382
382
382
382
381
381
382
382
382
382
382
382
382
381
381
382
381
381
382
381
382
382
382
382
382
382
382
382
382
382
382
382
382
381
381
382
382
381
382
382
382
382
382
382
382
381
382
382
381
382
382
382
382
382
382
382
381
381
382
382
381
382
382
382
381
381
382
382
382
382
382
381
382
382
382
382
382
382
382
381
381
381
381
381
381
380
380
380
381
380
380
380
379
380
380
380
379
380
380
380
379
379
379
378
377
376
375
375
374
373
372
371
371
370
369
368
367
366
365
365
364
363
362
361
360
359
358
357
357
356
355
354
353
352
351
350
349
348
348
347
346
345
344
343
342
341
340
340
339
338
337
336
335
334
333
332
332
331
330
329
328
327
326
325
324
323
322
322
321
320
319
318
317
316
315
314
313
312
312
311
310
309
308
307
306
305
304
303
303
302
301
300
299
298
297
296
295
294
294
293
292
291
290
289
288
287
286
285
284
284
283
282
281
280
279
278
277
276
275
274
274
273
272
271
270
269
268
267
266
265
265
264
263
262
261
260
259
258
257
256
255
255
254
253
252
251
250
249
248
247
246
245
245
244
243
242
241
240
239
238
237
236
236
235
234
233
232
231
230
229
228
227
226
226
225
224
223
222
221
220
219
218
217
216
216
215
214
213
212
211
210
209
208
208
207
206
205
204
203
202
201
200
200
199
198
197
196
195
194
193
193
192
191
190
189
188
187
186
185
185
184
183
182
181
180
179
178
177
177
176
175
174
173
172
171
170
169
169
168
167
166
165
164
163
162
161
161
160
159
158
157
156
155
154
153
153
152
151
150
149
148
147
146
145
145
144
143
142
141
140
139
138
138
137
136
135
134
133
132
131
130
130
129
128
127
126
125
124
123
122
122
121
120
119
118
117
116
115
114
114
113
112
111
110
109
108
107
107
106
105
104
103
102
101
100
99
99
98
97
96
95
94
93
92
91
91
90
89
88
87
86
85
84
83
83
82
81
80
79
78
77
76
75
75
74
73
72
71
70
69
68
67
67
66
65
64
63
62
61
60
60
59
58
57
56
55
54
53
52
52
51
50
49
48
47
46
45
44
44
43
42
41
40
39
38
37
36
35
34
34
33
32
31
30
29
28
27
26
25
24
23
23
22
21
20
19
18
17
16
15
14
13
12
11
10
10
9
8
7
6
5
4
3
2
1
0
0
0
0
0
0
0
0
0
0
0
0
0
0
0
0
0
0
0
0
0
0
0
0
0
0
0
0
0
0
0
0
0
0
0
0
0
0
0
0
0
0
0
0
0
0
0
0
0
0
0
0
0
0
0
0
0
0
0
0
0
0
0
0
0
0
0
0
0
0
0
0
0
0
0
0
0
0
0
0
0
0
0
0
0
0
0
0
0
0
0
0
0
0
0
0
0
0
0
0
0
0
0
0
0
0
0
0
0
0
0
0
0
0
0
0
0
0
0
0
0
0
0
0
0
0
0
0
0
0
0
0
0
0
0
0
0
0
0
0
0
0
0
0
0
0
0
0
0
0
0
0
0
0
0
0
0
0
0
0
0
0
0
0
0
0
0
0
0
0
0
0
0
0
0
0
0
0
0
0
0
0
0
0
0
0
0
0
0
0
0
0
0
0
0
0
0
0
0
0
0
0
0
0
0
0
0
0
0
0
0
0
0
0
0
0
0
0
0
0
0
0
0
0
0
0
0
0
0
0
0
0
0
0
0
0
0
0
0
0
0
0
0
0
0
0
0
0
0
0
0
0
0
0
0
0
0
0
0
0
0
0
0
0
0
0
0
0
0
0
0
0
0
0
0
0
0
0
0
0
0
0
0
0
0
0
0
0
0
0
0
0
0
0
0
0
0
0
0
0
0
0
0
0
0
0
0
0
0
0
0
0
0
0
0
0
0
0
0
0
0
0
0
0
0
0
0
0
0
0
0
0
0
0
0
0
0
0
0
0
0
0
0
0
0
0
0
0
0
0
0
0
0
0
0
0
0
0
0
0
0
0
0
0
0
0
0
0
0
0
0
0
0
0
0
0
0
0
0
0
0
0
0
0
0
0
0
0
0
0
0
0
0
0
0
0
0
0
0
0
0
0
0
0
0
0
0
0
0
0
0
0
0
0
0
0
0
0
0
0
0
0
0
0
0
0
0
0
0
0
0
0
0
0
0
0
0
0
0
0
0
0
0
0
0
0
0
0
0
0
0
0
0
0
0
0
0
0
0
0
0
0
0
0
0
0
0
0
0
0
0
0
0
0
0
0
0
0
0
0
0
0
0
0
0
0
0
0
0
0
0
0
0
0
0
0
0
0
0
0
0
0
0
0
0
0
0
0
0
0
0
0
0
0
0
0
0
0
0
0
0
0
0
0
0
0
0
0
0
0
0
0
0
0
0
0
0
0
0
0
0
0
0
0
0
0
0
0
0
0
0
0
0
0
0
0
0
0
0
0
0
0
0
0
0
0
0
0
0
0
0
0
0
0
0
0
0
0
0
0
0
0
0
0
0
0
0
0
0
0
0
0
0
0
0
0
0
0
0
0
0
0
0
0
0
0
0
0
0
0
0
0
0
0
0
0
0
0
0
0
0
0
0
0
0
0
0
0
0
0
0
0
0
0
0
0
0
0
0
0
0
0
0
0
0
0
0
0
0
0
0
0
0
0
0
0
0
0
0
0
0
0
0
0
0
0
0
0
0
0
0
0
0
0
0
0
0
0
0
0
0
0
0
0
0
0
0
0
0
0
0
0
0
0
0
0
0
0
0
0
0
0
0
0
0
0
0
0
0
0
0
0
0
0
0
0
0
0
0
0
0
0
0
0
0
0
0
0
0
0
0
0
0
0
0
0
0
0
0
0
0
0
0
0
0
0
0
0
0
0
0
0
0
0
0
0
0
0
0
0
0
0
0
0
0
0
0
0
0
0
0
0
0
0
0
0
0
0
0
0
0
0
0
0
0
0
0
0
0
0
0
0
0
0
0
0
0
0
0
0
0
0
0
0
0
0
0
0
0
0
0
0
0
0
0
0
0
0
0
0
0
0
0
0
0
0
0
0
0
0
0
0
0
0
0
0
0
0
0
0
0
0
0
0
0
0
0
0
0
0
0
0
0
0
0
0
0
0
0
0
0
0
0
0
0
0
0
0
0
0
0
0
0
0
0
0
0
0
0
0
0
0
0
0
0
0
0
0
0
0
0
0
0
0
0
0
0
0
0
0
0
0
0
0
0
0
0
0
0
0
0
0
0
0
0
0
0
0
0
0
0
0
0
0
0
0
0
0
0
0
0
0
0
0
0
0
0
0
0
0
0
0
0
0
0
0
0
0
0
0
0
0
0
0
0
0
0
0
0
0
0
0
0
0
0
0
0
0
0
0
0
0
0
0
0
0
0
0
0
0
0
0
0
0
0
0
0
0
0
0
0
0
0
0
0
0
0
0
0
0
0
0
0
0
0
0
0
0
0
0
0
0
0
0
0
0
0
0
0
0
0
0
0
0
0
0
0
0
0
0
0
0
0
0
0
0
0
0
0
0
0
0
0
0
0
0
0
0
0
0
0
0
0
0
0
0
0
0
0
0
0
0
0
0
0
0
0
0
0
0
0
0
0
0
0
0
0
0
0
0
0
0
0
0
0
0
0
0
0
0
0
0
0
0
0
0
0
0
0
0
0
0
0
0
0
0
0
0
0
0
0
0
0
0
0
0
0
0
0
0
0
0
0
0
0
0
0
0
0
0
0
0
0
0
0
0
0
0
0
0
0
0
0
0
0
0
0
0
0
0
0
0
0
0
0
0
0
0
0
0
0
0
0
0
0
0
0
0
0
0
0
0
0
0
0
0
0
0
0
0
0
0
0
0
0
0
0
0
0
0
0
0
0
0
0
0
0
0
0
0
0
0
0
0
0
0
0
0
0
0
0
0
0
0
0
0
0
0
0
0
0
0
0
0
0
0
0
0
0
0
0
0
0
0
0
0
0
0
0
0
0
0
0
0
0
0
0
0
0
0
0
0
0
0
0
0
0
0
0
0
0
0
0
0
0
0
0
0
0
0
0
0
0
0
0
0
0
0
0
0
0
0
0
0
0
0
0
0
0
0
0
0
0
0
0
0
0
0
0
0
0
0
0
0
0
0
0
0
0
0
0
0
0
0
0
0
0
0
0
0
0
0
0
0
0
0
0
0
0
0
0
0
0
0
0
0
0
0
0
0
0
0
0
0
0
0
0
0
0
0
0
0
0
0
0
0
0
0
0
0
0
0
0
0
0
0
0
0
0
0
0
0
0
0
0
0
0
0
0
0
0
0
0
0
0
0
0
0
0
0
0
0
0
0
0
0
0
0
0
0
0
0
0
0
0
0
0
0
0
0
0
0
0
0
0
0
0
0
0
0
0
0
0
0
0
0
0
0
0
0
0
0
0
0
0
0
0
0
0
0
0
0
0
0
0
0
0
0
0
0
0
0
0
0
0
0
0
0
0
0
0
0
0
0
0
0
0
0
0
0
0
0
0
0
0
0
0
0
0
0
0
0
0
0
0
0
0
0
0
0
0
0
0
0
0
0
0
0
0
0
0
0
0
0
0
0
0
0
0
0
0
0
0
0
0
0
0
0
0
0
0
0
0
0
0
0
0
0
0
0
0
0
0
0
0
0
0
0
0
0
0
0
0
0
0
0
0
0
0
0
0
0
0
0
0
0
0
0
0
0
0
0
0
0
0
0
0
0
0
0
0
0
0
0
0
0
0
0
0
0
0
0
0
0
0
0
0
0
0
0
0
0
0
0
0
0
0
0
0
0
0
0
0
0
0
0
0
0
0
0
0
0
0
0
0
0
0
0
0
0
0
0
0
0
0
0
0
0
0
0
0
0
0
0
0
0
0
0
0
0
0
0
0
0
0
0
0
0
0
0
0
0
0
0
0
0
0
0
0
0
0
0
0
0
0
0
0
0
0
0
0
0
0
0
0
0
0
0
0
0
0
0
0
0
0
0
0
0
0
0
0
0
0
0
0
0
0
0
0
0
0
0
0
0
0
0
0
0
0
0
0
0
0
0
0
0
0
0
0
0
0
0
0
0
0
0
0
0
0
0
0
0
0
0
0
0
0
0
0
0
0
0
0
0
0
0
0
0
0
0
0
0
0
0
0
0
0
0
0
0
0
0
0
0
0
0
0
0
0
0
0
0
0
0
0
0
0
0
0
0
0
0
0
0
0
0
0
0
0
0
0
0
0
0
0
0
0
0
0
0
0
0
0
0
0
0
0
0
0
0
0
0
0
0
0
0
0
0
0
0
0
0
0
0
0
0
0
0
0
0
0
0
0
0
0
0
0
0
0
0
0
0
0
0
0
0
0
0
0
0
0
0
0
0
0
0
0
0
0
0
0
0
0
