Scheme 1
382 4461
12330 497 2.77615094185
12300 2188 22.6291761398
12325 885 3.6140871048
12335 891 4.06919503212

Naive
75 4500
12330 500 2.5593419075
12300 2200 22.113806963
12325 900 3.22126507759
12335 900 3.63686680794

10%
96 4500
12330 500 2.45641183853
12300 2200 22.3182730675
12325 900 3.22205805779
12335 900 3.70525407791

25%
111 4500
12330 500 2.46334290504
12300 2200 21.5409090519
12325 900 3.0362432003
12335 900 3.4751598835

30%
165 4500
12330 500 2.82045197487
12300 2200 21.485298872
12325 900 3.96870517731
12335 900 4.33981490135

40%
214 4500
12330 500 2.60986495018
12300 2200 19.71986413
12325 900 3.73374915123
12335 900 4.04714488983