Normal

54 8900
12325 900 1.73843193054
12330 500 1.07962799072
12300 2200 20.4541149139
12335 900 2.07106685638
12305 2200 20.5790891647
12310 2200 18.9586961269

Scheme 1

189 8900
12325 900 1.77888298035
12330 500 1.08039093018
12300 2200 19.2718958855
12335 900 1.76360988617
12305 2200 19.375939846
12310 2200 17.8211641312

Scheme 2:

10%
119 8900
12325 900 1.70851421356
12330 500 1.08232712746
12300 2200 21.5311119556
12335 900 2.04159879684
12305 2200 21.6714189053
12310 2200 20.1050238609

25%
134 8900
12325 900 2.44123387337
12330 500 1.76829099655
12300 2200 19.841037035
12335 900 1.70737504959
12305 2200 19.7281160355
12310 2200 18.4397029877

30%
161 8900
12325 900 1.72277593613
12330 500 1.3774061203
12300 2200 19.1366369724
12335 900 1.69952893257
12305 2200 19.2556979656
12310 2200 18.4402830601

40%
255 8548
12325 815 2.99576497078
12330 374 1.62933421135
12300 2163 19.1036131382
12335 900 1.74424409866
12305 2146 19.2259290218
12310 2150 17.6605989933