0
1
7
0
0
1
0
0
0
0
3
0
0
0
0
1
13
8
1
0
0
0
1
0
0
0
2
0
1
2
0
0
0
1
0
1
1
0
0
0
0
0
0
0
0
0
0
0
0
0
0
0
0
0
0
0
1
0
0
0
0
0
4
0
2
5
1
1
2
0
0
0
4
0
0
0
5
0
0
1
0
1
0
0
9
0
0
0
0
0
1
0
2
1
0
0
0
0
0
0
0
0
0
0
1
0
0
0
0
0
0
0
0
0
1
0
0
0
0
0
0
0
0
0
1
0
0
0
0
0
0
0
1
0
0
0
0
1
1
0
0
0
1
0
0
0
0
3
0
0
0
0
0
0
1
0
1
0
4
0
1
1
0
0
0
0
5
0
1
0
0
0
0
1
1
2
0
0
0
0
0
0
3
0
0
0
0
1
0
0
0
0
0
0
0
0
0
0
0
2
0
4
0
0
0
0
0
0
0
0
0
0
0
0
0
0
1
0
0
0
0
1
1
2
0
1
11
1
0
0
0
0
0
0
0
0
0
0
0
0
5
0
0
1
5
0
0
0
0
0
1
0
13
0
0
0
0
0
0
0
0
1
1
2
0
0
0
0
0
0
0
0
0
0
0
1
0
0
0
0
0
0
0
0
0
0
0
0
0
0
0
0
0
0
1
1
0
0
1
0
0
0
0
0
0
0
1
0
0
0
2
0
1
0
0
0
0
0
1
0
0
0
1
0
1
0
9
0
0
1
0
0
0
0
1
0
3
1
9
0
0
0
0
8
0
0
0
0
0
1
0
0
0
0
0
0
0
0
0
0
0
1
1
0
0
0
0
0
0
0
0
2
0
0
0
0
1
0
1
0
0
0
0
0
0
4
1
0
0
2
6
0
0
0
0
0
0
1
0
0
1
8
12
0
0
0
0
0
0
0
0
1
1
0
1
0
0
0
0
0
5
0
0
0
0
0
0
0
0
1
0
1
1
0
0
1
0
0
0
1
0
0
4
0
0
0
0
0
1
0
0
0
0
1
0
0
0
0
0
1
1
0
0
0
0
1
1
0
0
0
1
0
0
0
0
0
0
0
0
0
0
0
1
0
1
9
5
0
0
2
1
0
2
1
0
0
0
0
0
0
0
0
0
0
0
5
0
0
0
0
0
0
0
0
0
0
1
0
0
0
0
0
1
0
0
0
0
0
0
0
0
0
0
0
0
0
0
2
0
0
0
1
0
1
0
0
0
0
0
2
0
0
0
0
0
0
0
0
0
0
0
0
0
0
0
0
0
0
0
0
0
0
0
0
0
0
0
0
0
0
0
0
0
0
0
0
0
1
0
0
0
0
0
0
0
5
9
0
1
0
0
1
0
0
0
0
0
0
0
0
0
0
0
0
1
0
0
1
0
0
0
0
0
0
2
0
0
0
1
0
0
0
1
0
0
1
0
0
4
1
2
17
9
0
0
0
0
0
0
0
0
0
0
0
0
0
0
0
0
0
0
1
0
0
0
0
0
0
1
0
0
1
1
0
2
0
0
1
0
0
1
22
12
0
0
1
0
0
1
0
0
3
0
0
0
1
1
0
0
0
0
0
1
0
0
0
0
0
0
1
0
0
4
0
1
0
0
0
0
0
0
0
0
0
0
0
0
0
0
0
0
1
0
0
0
0
0
0
0
0
0
0
0
0
1
0
0
0
0
0
0
0
0
0
0
0
0
0
0
0
0
0
0
0
0
1
1
7
21
8
0
0
0
0
0
1
0
0
0
1
0
0
1
0
0
1
2
0
0
0
1
7
0
1
2
1
9
0
3
0
15
4
0
0
0
1
0
0
0
1
0
0
1
1
1
0
1
0
1
1
0
1
0
7
0
0
0
0
1
0
1
0
0
0
1
2
1
2
0
1
1
7
1
1
0
0
1
0
0
1
0
1
0
3
0
1
32
78
97
119
146
166
170
177
180
181
180
184
182
185
191
199
195
191
196
199
203
204
196
183
170
158
144
133
122
110
98
77
54
28
1
0
1
8
0
0
0
0
0
0
0
0
0
0
0
0
0
1
0
1
0
1
0
0
0
0
0
1
1
1
0
0
1
3
0
0
1
1
0
4
0
0
0
0
0
0
0
0
0
0
1
6
15
14
0
0
0
0
0
0
0
2
0
0
0
0
0
0
0
0
1
1
1
1
0
0
0
0
1
1
0
0
0
0
0
0
0
0
0
0
0
0
0
1
1
0
0
1
0
0
0
0
1
0
0
0
0
0
0
1
1
1
6
0
0
0
0
0
0
0
0
0
0
0
1
0
0
0
0
0
0
1
0
0
20
16
3
0
1
0
1
0
1
0
0
0
0
0
0
1
0
1
0
1
0
1
0
0
0
0
0
0
0
0
0
0
0
0
0
0
1
0
0
0
0
1
0
0
0
0
0
0
1
0
0
0
1
0
0
0
0
0
0
0
0
0
0
0
0
0
0
0
0
0
0
1
4
0
15
14
2
0
1
0
0
0
0
1
0
0
0
1
0
0
1
0
0
0
0
0
0
6
11
1
0
0
4
0
14
0
0
0
0
0
0
0
0
0
0
2
0
0
0
0
1
0
0
4
0
0
0
0
0
0
0
0
1
0
0
0
0
0
0
0
0
0
1
3
1
0
0
0
0
0
0
0
0
0
0
0
11
0
0
0
0
0
0
0
0
0
1
0
0
0
0
0
0
0
0
0
0
1
0
0
0
0
0
19
12
0
13
0
0
0
0
0
0
0
0
1
0
0
0
0
0
0
0
0
0
0
0
0
0
0
4
0
0
0
0
0
0
0
0
1
0
0
2
0
0
0
1
0
0
0
0
0
0
0
0
0
0
0
0
0
0
0
0
0
0
0
0
0
1
0
0
0
0
0
1
10
0
0
0
0
0
1
0
0
0
0
0
0
4
13
0
0
0
0
0
0
1
0
0
0
0
0
0
0
0
0
1
0
0
0
11
14
0
0
0
0
0
0
0
0
0
0
0
0
0
1
0
0
0
0
0
0
0
0
1
1
0
0
0
0
0
0
0
0
0
0
0
0
0
0
0
0
0
0
1
0
0
5
0
0
0
0
1
0
0
0
0
1
0
0
0
0
0
0
0
0
7
15
0
0
1
0
0
0
0
0
0
0
0
0
0
0
0
0
1
0
0
0
0
0
0
0
0
0
0
0
0
0
0
0
0
0
1
0
0
0
0
0
0
0
1
0
0
0
0
0
1
1
0
0
0
1
0
0
0
0
0
1
0
0
0
0
0
0
0
0
0
0
0
0
11
14
1
0
1
0
0
0
0
0
4
3
7
0
1
3
13
50
74
61
46
47
49
37
25
3
0
1
1
0
0
0
0
0
1
1
0
0
0
0
1
1
0
2
1
0
0
0
0
0
0
0
1
0
1
0
0
1
0
0
0
1
0
0
0
0
1
0
0
0
1
1
5
0
0
0
0
1
0
0
0
2
0
0
0
0
0
1
0
0
1
1
1
0
0
1
1
1
0
0
0
1
0
0
0
4
20
10
0
0
1
0
1
FIN
