0
2
13
13
15
15
17
15
14
12
8
9
6
3
4
5
26
34
34
36
37
37
36
37
34
32
30
43
40
43
49
50
48
48
49
46
45
49
46
42
38
35
34
33
30
27
26
22
18
16
14
13
8
5
4
2
2
1
11
9
6
1
1
2
8
7
13
18
26
27
34
33
39
37
42
42
41
40
47
45
44
44
44
43
41
42
53
54
50
49
49
47
49
50
59
62
62
60
58
56
54
49
47
44
45
43
42
42
42
40
37
30
29
26
28
26
24
20
18
15
12
8
3
0
1
2
1
1
0
1
1
4
1
1
1
1
1
2
2
0
1
1
0
0
0
2
2
4
3
3
8
12
9
7
8
7
7
7
6
6
3
6
8
9
10
13
12
11
10
18
18
17
16
14
13
10
11
12
9
16
15
13
9
6
3
1
12
10
12
11
8
9
7
3
0
0
0
0
1
0
0
0
1
3
4
4
6
12
17
15
13
10
9
6
2
1
1
0
0
0
0
0
3
0
1
2
5
9
17
17
28
43
46
45
47
46
49
50
49
50
49
45
42
39
37
44
42
39
38
46
47
47
45
44
43
41
44
65
63
62
61
55
54
53
50
49
49
53
62
68
73
70
69
67
65
61
58
54
53
51
50
50
49
48
46
44
43
39
35
27
27
28
23
19
18
17
14
11
9
9
5
3
5
6
6
10
10
7
4
1
0
1
2
3
1
2
2
5
2
1
1
1
0
1
1
1
1
1
1
6
7
4
2
17
16
15
15
17
16
13
12
10
9
14
17
35
37
39
39
48
62
65
66
64
61
59
60
62
60
58
55
53
51
49
46
42
37
35
33
32
34
33
31
26
24
22
19
16
18
22
24
22
21
17
17
16
14
12
9
3
1
0
1
6
13
13
11
14
29
35
33
30
27
25
22
20
18
14
12
13
31
36
41
42
46
45
48
50
48
48
50
48
47
48
46
44
44
43
42
45
49
47
42
38
35
33
30
30
31
31
32
36
34
34
33
35
32
31
30
30
26
24
30
26
25
23
24
23
22
19
18
17
14
14
13
11
10
8
7
5
7
9
7
5
4
3
4
6
5
3
3
2
0
0
0
0
1
0
1
1
1
0
1
2
7
13
30
32
32
38
48
55
56
63
66
65
67
65
63
62
62
60
58
56
53
53
61
60
57
53
51
48
47
45
40
37
36
35
36
33
29
20
18
16
16
14
13
9
7
2
0
0
0
0
1
0
1
0
1
5
6
7
7
16
17
15
11
9
6
4
3
3
0
0
0
1
1
0
0
0
0
1
0
0
0
0
0
1
0
0
0
1
0
1
0
0
0
0
0
1
0
0
0
1
2
1
0
0
0
1
1
1
0
0
0
0
1
2
13
25
23
22
21
21
33
31
29
28
26
24
21
21
15
12
14
11
10
10
6
5
3
1
0
1
0
1
1
2
8
7
5
1
0
0
0
1
3
1
1
2
1
6
16
22
33
57
56
52
48
45
41
40
38
37
36
35
33
30
27
23
21
18
16
9
8
4
7
5
3
1
0
2
0
1
1
4
3
3
4
8
9
5
10
8
5
11
30
29
27
25
24
23
22
25
26
28
39
37
35
32
30
29
27
26
25
20
19
19
18
18
17
16
12
10
9
12
10
18
18
18
17
16
14
13
12
11
10
9
7
4
0
0
0
0
0
1
1
2
0
1
1
0
0
0
0
0
1
2
0
0
1
0
1
2
0
0
1
1
1
0
0
0
1
0
1
2
2
0
1
0
1
1
2
15
41
40
39
38
37
36
37
36
36
37
36
36
36
34
33
33
31
31
31
32
31
30
25
26
42
44
44
50
48
60
60
66
69
90
91
93
93
99
95
94
93
90
89
89
89
87
93
92
92
93
94
95
97
97
94
98
101
108
106
106
109
107
107
106
108
107
106
104
104
113
119
133
135
137
138
152
150
151
158
157
157
156
152
150
149
149
151
154
156
154
178
239
265
291
326
355
370
382
400
404
414
425
430
437
446
465
476
480
488
501
513
524
535
537
535
535
534
531
531
531
529
527
527
526
525
525
524
524
542
545
544
544
544
543
542
542
542
542
542
541
541
540
540
542
543
542
542
543
543
543
543
541
541
541
540
540
540
538
538
545
549
549
550
554
565
575
584
583
583
592
590
588
586
585
583
582
581
584
603
614
618
617
616
613
612
611
609
609
612
610
608
606
605
606
606
605
603
602
608
608
614
618
617
616
616
622
622
626
623
621
619
616
615
612
609
608
605
604
603
605
603
603
604
604
603
602
601
604
609
608
608
607
607
605
607
606
604
605
606
626
629
628
623
622
618
616
616
612
610
608
608
608
610
607
605
601
600
600
598
597
595
595
616
626
626
625
625
625
626
629
630
633
630
628
627
625
624
622
621
619
619
625
626
627
630
632
631
630
629
627
625
623
622
619
617
615
614
613
612
610
609
608
607
607
608
607
606
605
605
605
603
603
604
604
605
608
612
611
612
612
612
610
606
605
604
603
602
600
595
593
592
590
589
586
585
587
596
596
623
622
627
624
625
629
627
625
627
629
628
625
622
621
621
621
620
629
628
625
621
619
617
624
638
639
640
642
652
649
670
670
669
669
666
664
662
660
658
656
657
655
663
666
665
666
663
663
662
660
669
670
670
670
670
670
670
669
667
666
665
663
661
660
659
658
656
652
647
646
654
660
661
659
657
654
652
649
648
644
641
638
637
652
653
652
648
644
641
635
630
627
626
629
628
632
632
630
628
626
625
623
620
617
617
615
611
607
605
604
603
628
625
622
640
644
643
645
643
641
639
637
634
632
630
626
625
621
617
614
607
605
601
596
592
588
585
582
583
591
589
588
587
586
585
584
583
582
581
578
576
578
576
574
572
572
571
569
568
562
558
557
554
551
548
546
545
545
543
541
541
541
539
538
537
534
533
531
530
528
527
526
528
528
544
545
542
537
535
533
530
527
523
522
519
518
520
520
531
540
535
529
523
521
519
521
528
524
525
519
515
513
511
507
506
506
498
497
494
491
497
514
511
509
508
507
506
508
513
519
516
513
510
508
504
503
506
507
503
501
495
492
488
484
478
475
470
467
464
461
458
455
453
451
448
443
442
440
435
432
430
426
423
419
415
411
406
404
412
409
405
401
392
388
385
384
383
381
380
382
378
376
372
365
361
358
357
358
384
383
380
379
382
377
374
372
374
373
369
367
365
362
356
353
350
346
344
341
339
339
336
334
332
331
329
326
323
322
320
318
317
315
313
311
308
306
306
310
308
311
307
304
303
301
296
294
289
284
283
283
282
280
277
273
271
270
270
269
266
263
258
257
256
255
256
254
252
251
249
248
247
247
246
270
279
280
282
284
288
282
280
277
276
280
291
305
304
301
310
327
365
421
428
427
440
451
461
464
465
469
467
466
465
461
458
453
451
449
446
451
445
445
445
445
448
446
443
451
451
452
448
444
441
437
434
432
434
436
428
423
421
419
420
423
422
423
430
430
428
425
423
420
420
420
426
431
431
442
441
438
436
433
430
427
424
422
424
422
419
416
412
408
406
402
399
396
395
397
396
394
395
400
405
406
409
407
404
402
399
396
395
422
417
413
409
406
403
403
FIN
404
400
392
387
382
378
374
371
369
366
364
361
356
351
347
343
339
335
332
330
328
326
323
321
318
316
314
312
308
303
300
298
295
292
288
286
284
281
278
275
273
269
265
261
258
256
254
249
245
241
236
234
232
227
225
222
220
218
215
213
209
205
200
196
192
189
187
185
183
181
179
177
175
173
169
165
162
159
156
151
146
141
136
130
125
115
108
105
102
98
94
87
82
75
70
63
60
58
55
53
46
39
29
18
7
