0
1
2
3
13
12
13
16
15
15
14
16
17
16
15
14
14
13
12
10
8
10
9
7
6
4
3
2
4
3
5
9
26
28
34
33
33
34
36
37
37
37
37
37
36
37
37
36
34
32
32
31
31
33
44
42
41
39
42
50
50
49
50
46
46
45
45
46
46
44
43
43
43
46
47
45
43
41
40
38
37
36
35
35
34
33
32
30
28
26
25
24
24
22
18
17
16
15
12
13
12
11
9
8
7
5
4
4
3
3
2
1
1
1
1
2
11
9
8
7
6
5
1
0
1
0
2
11
9
8
8
12
13
19
18
19
26
25
24
31
33
32
33
32
35
38
37
44
43
43
42
41
42
41
40
43
47
46
45
45
44
43
43
43
44
42
41
41
39
39
40
51
54
54
54
54
54
50
51
51
51
50
50
49
51
50
50
59
59
59
61
62
63
62
61
60
58
57
56
56
53
51
50
49
47
46
44
46
46
45
44
44
43
43
43
43
43
43
42
42
41
40
37
33
29
28
27
27
28
28
26
27
26
23
20
19
18
17
15
14
11
10
7
6
4
4
1
0
0
1
1
2
1
1
2
1
0
0
0
1
0
2
4
4
2
0
0
1
0
1
1
1
0
1
1
2
3
1
1
1
0
1
0
1
0
0
1
1
0
1
1
1
3
3
3
4
3
3
3
3
4
9
12
12
10
8
7
7
9
7
7
7
7
7
6
6
6
6
6
5
3
2
2
9
8
8
8
10
10
10
12
16
15
12
11
11
9
9
9
19
18
18
16
16
16
15
14
13
13
11
11
10
11
12
12
12
11
10
13
16
15
15
14
13
12
10
10
7
4
3
1
2
14
11
10
10
11
10
11
10
9
9
8
8
6
6
4
1
0
0
0
0
0
0
0
0
0
1
0
0
0
0
1
0
0
1
1
5
4
3
2
5
6
6
8
12
17
17
16
15
13
13
12
10
10
9
7
6
4
2
0
1
0
1
1
0
0
0
1
0
1
0
1
0
2
3
1
0
1
1
1
2
3
5
7
9
12
17
18
17
16
28
35
43
48
46
46
45
46
47
46
46
49
49
51
50
49
49
52
50
50
49
47
45
43
42
40
39
38
37
37
44
43
42
40
39
39
38
41
45
48
47
47
47
46
45
45
44
43
43
41
41
44
44
46
65
64
63
63
62
61
60
57
55
55
54
55
53
52
50
50
49
49
49
52
53
54
62
65
68
72
73
71
69
69
69
67
67
66
65
63
61
60
58
56
54
54
53
52
51
51
50
50
50
50
49
49
48
47
46
45
44
44
43
41
40
38
37
31
30
29
29
30
31
29
27
25
23
20
18
17
17
17
15
12
12
10
10
8
8
6
5
4
3
3
5
5
5
5
5
6
9
10
10
8
7
6
4
2
1
0
1
1
1
1
2
3
3
3
1
1
2
3
2
2
5
3
2
0
2
0
1
0
2
1
0
0
1
0
1
0
2
2
1
1
0
1
1
2
5
7
7
5
4
3
1
5
16
16
16
16
15
15
14
15
17
16
16
15
14
14
13
13
12
13
10
9
13
17
17
25
34
33
34
36
36
39
39
40
48
48
53
63
64
66
65
66
63
61
60
58
57
58
58
62
61
61
59
59
57
55
54
53
52
51
50
49
48
46
45
43
41
39
38
37
37
36
33
33
33
34
33
36
33
32
32
30
29
24
22
22
21
21
19
19
17
18
20
20
21
25
24
23
21
20
19
19
17
17
17
18
18
16
16
14
12
12
10
7
4
1
1
0
0
1
0
1
3
12
15
14
13
13
13
12
14
19
23
34
38
37
36
34
33
31
29
28
26
24
23
22
21
19
18
16
15
14
13
11
11
16
25
35
35
36
37
43
43
45
49
49
49
48
48
54
53
52
50
49
49
48
51
50
49
48
47
46
46
46
45
44
43
43
43
43
42
42
41
40
39
51
49
48
47
45
44
42
41
39
37
36
36
35
34
33
31
31
32
33
32
32
33
37
38
41
36
34
34
34
33
34
36
35
34
33
32
31
31
31
32
31
29
27
26
26
32
31
30
27
26
25
24
23
24
25
24
24
24
24
23
21
20
18
17
15
14
12
12
16
15
13
12
13
11
10
8
7
6
6
5
6
8
8
9
8
7
6
6
6
4
5
4
5
3
5
5
6
5
5
4
2
2
2
3
2
0
0
1
0
1
0
0
0
0
1
0
1
0
1
2
1
1
1
0
1
0
1
1
4
6
10
13
15
30
31
32
32
32
32
32
39
45
48
49
55
55
57
62
63
67
67
65
66
69
68
67
65
63
62
62
61
61
61
61
59
58
56
56
54
53
52
51
52
56
61
60
59
57
55
53
51
49
49
48
47
46
46
45
44
40
37
36
35
34
34
33
33
34
33
32
29
26
23
19
18
17
18
17
16
16
15
15
13
13
11
9
9
9
8
4
2
1
0
1
0
0
0
0
0
0
1
0
0
0
1
0
0
1
1
7
5
5
5
8
7
7
7
12
16
16
17
16
15
13
11
11
10
9
7
5
2
4
3
3
4
2
0
0
0
1
0
0
1
0
2
1
0
1
0
1
0
0
0
0
1
0
0
1
0
0
0
0
0
1
0
0
1
0
0
0
0
0
0
0
1
0
0
0
1
0
0
1
0
1
0
0
0
0
0
0
1
0
0
0
0
1
0
0
1
1
2
2
1
0
0
1
0
1
0
1
0
2
2
1
1
1
0
0
0
0
0
1
0
0
1
0
1
4
13
16
25
24
23
22
22
21
21
20
21
32
33
32
31
30
30
29
28
27
26
24
24
22
21
21
21
18
17
15
14
14
16
15
13
11
10
10
10
9
7
7
6
6
3
2
1
0
0
1
0
1
0
1
1
0
0
1
1
5
9
8
8
8
6
3
2
1
0
0
0
0
1
0
1
1
2
3
2
1
0
2
3
1
2
6
6
7
13
15
19
31
30
49
52
57
55
53
51
50
48
46
44
44
42
41
40
40
39
38
38
37
37
37
36
35
33
32
30
28
26
25
22
21
20
19
17
17
16
14
12
10
7
5
4
5
7
6
5
5
4
2
0
1
0
1
1
1
0
1
0
1
0
1
2
4
3
4
4
4
3
6
8
8
8
9
6
5
7
11
9
7
6
5
5
20
31
30
29
29
28
27
26
25
25
23
22
22
21
21
23
24
24
26
28
28
31
39
38
37
36
35
33
31
29
29
27
28
26
25
25
24
24
20
20
20
19
19
19
19
18
19
20
18
17
16
16
15
13
12
12
9
8
7
11
11
9
9
11
17
19
18
18
18
19
18
17
17
16
14
14
12
12
11
11
11
9
9
8
7
6
5
4
3
0
0
0
0
1
0
0
0
1
0
1
1
0
1
1
1
0
0
0
1
0
1
1
0
1
0
1
0
1
0
1
0
1
1
3
2
0
0
1
0
0
1
0
1
0
1
3
2
1
0
1
0
0
1
0
1
1
1
0
0
1
0
1
1
0
2
1
0
1
1
1
1
2
2
0
0
0
1
0
1
0
1
0
1
2
2
5
17
27
41
41
40
39
39
39
38
37
37
37
37
37
37
36
36
36
36
37
37
36
36
36
36
37
36
34
34
34
33
33
32
30
30
30
30
30
31
30
32
32
31
32
31
29
29
27
27
40
42
44
44
43
44
44
51
49
49
50
61
61
62
62
69
71
70
74
91
91
92
95
94
94
94
98
100
98
95
94
94
93
93
92
90
90
89
89
89
89
89
87
87
91
93
93
92
93
93
94
94
95
95
95
96
98
99
97
97
95
94
95
97
97
98
108
107
106
106
106
106
108
109
107
107
106
107
105
105
105
107
107
107
106
104
104
103
103
103
103
112
114
118
125
128
134
134
134
135
136
138
140
152
150
150
149
150
160
159
158
158
157
157
158
157
155
152
152
150
148
147
147
146
145
148
149
151
156
155
152
152
155
172
203
235
249
261
273
286
302
318
336
348
361
366
374
379
388
394
399
401
409
412
415
421
424
427
430
433
441
444
448
462
470
474
477
479
482
486
493
500
503
510
515
522
526
533
533
536
535
536
535
536
536
536
535
534
533
532
532
531
530
530
529
528
528
528
528
527
526
526
526
525
526
525
525
525
525
536
545
546
545
545
545
545
545
545
544
544
543
543
543
543
543
543
542
543
543
543
542
542
542
541
541
541
540
540
541
543
544
543
543
542
541
541
541
542
544
543
542
542
542
542
542
541
541
541
540
541
540
540
540
539
540
540
540
539
539
538
539
542
547
549
550
550
550
550
551
553
559
565
566
570
579
583
584
583
583
583
584
590
592
591
590
589
588
587
586
585
585
584
583
583
582
582
582
583
588
598
610
611
617
619
618
618
617
617
616
615
614
613
612
611
611
610
610
610
610
613
612
610
609
608
607
606
606
605
605
605
607
605
606
605
604
602
602
602
602
606
608
607
608
613
620
619
618
617
617
617
616
616
616
616
621
621
623
625
624
623
622
621
619
618
617
616
614
614
613
611
610
609
609
607
606
605
604
604
603
602
602
603
604
603
602
602
601
604
604
604
604
602
601
601
600
600
600
600
602
605
607
606
606
606
607
606
606
604
605
604
603
603
606
605
603
603
603
603
604
605
606
608
625
629
628
626
624
623
621
621
620
619
618
618
617
617
617
616
615
614
614
613
612
612
612
614
613
613
615
614
614
612
611
610
608
607
606
605
605
604
603
602
602
601
600
600
600
605
625
631
631
631
631
630
630
630
630
630
630
631
631
632
634
634
635
636
638
637
636
635
634
633
633
632
631
631
630
628
628
628
627
626
626
625
625
627
631
631
633
634
632
633
636
638
637
637
636
635
635
635
633
633
632
631
630
629
628
627
627
626
625
623
622
621
619
618
618
617
617
618
617
616
615
614
614
613
613
612
612
612
612
613
613
613
613
611
610
610
609
609
609
609
609
609
607
607
608
608
609
609
609
610
610
611
613
615
617
616
616
615
616
616
616
617
617
617
616
615
613
611
611
609
609
607
608
608
607
607
605
604
603
602
601
599
598
597
596
595
594
594
594
593
591
591
593
600
603
602
601
607
629
629
629
629
633
631
631
630
631
635
636
635
634
634
633
633
634
637
636
636
634
633
632
632
631
629
627
627
628
628
627
626
624
626
634
634
634
633
631
629
629
628
626
626
625
625
630
638
644
650
649
647
647
648
649
650
659
659
659
659
673
679
679
678
678
678
678
677
677
677
676
676
675
674
673
671
670
670
668
667
669
669
666
665
668
671
670
672
671
670
669
669
669
668
668
669
668
668
665
669
672
672
673
673
673
673
673
673
672
672
672
672
673
672
672
671
670
670
669
669
669
667
666
666
665
664
667
665
665
664
662
661
660
659
659
657
657
653
652
653
658
664
666
666
666
665
663
662
662
661
660
658
656
655
654
653
652
651
649
648
646
646
642
641
640
639
641
655
655
655
655
652
650
650
647
645
642
641
639
637
634
631
628
627
626
626
627
627
626
626
627
632
631
630
629
628
627
626
625
624
624
623
622
621
618
616
615
615
614
612
611
609
607
606
606
605
605
604
603
602
602
602
612
626
624
624
624
623
633
643
645
644
643
643
645
645
644
643
642
641
640
640
637
635
632
632
630
630
629
627
626
625
622
620
618
616
614
613
612
610
607
605
605
604
602
599
597
594
592
591
589
587
585
583
581
580
579
586
590
589
588
587
587
586
585
584
583
583
582
582
581
581
581
581
580
579
578
577
576
574
574
574
575
576
573
569
569
568
568
568
567
566
565
565
564
563
560
558
555
552
549
548
548
547
546
543
541
540
539
537
536
536
535
534
536
534
533
531
530
529
528
527
527
527
527
525
525
525
525
526
525
525
525
524
523
521
520
519
519
518
517
517
516
516
517
517
516
516
520
529
530
528
527
525
524
522
520
517
515
514
512
511
511
510
508
508
507
507
505
503
503
502
502
502
501
500
505
511
520
519
516
515
513
512
512
511
511
509
507
506
504
505
508
510
510
509
513
511
510
509
507
506
504
503
500
499
498
493
487
486
487
489
489
487
487
484
483
482
481
480
480
484
504
505
504
503
502
501
500
499
499
498
497
497
497
498
501
503
504
508
507
506
504
502
501
499
498
496
493
492
492
491
491
496
496
498
496
494
492
490
489
487
483
480
476
474
472
470
466
464
463
462
462
461
459
458
457
456
454
453
452
451
450
449
447
444
442
441
440
439
438
437
437
434
432
430
429
428
425
423
422
420
418
417
416
413
412
410
408
406
404
403
402
400
400
399
398
404
404
402
399
397
393
389
387
385
383
381
381
380
380
379
379
378
377
376
376
376
376
377
376
373
370
368
368
365
361
359
357
355
354
353
353
352
352
353
362
380
378
378
377
376
376
375
374
374
373
371
370
368
368
366
366
367
368
367
365
364
364
363
363
360
357
355
353
351
349
347
345
345
343
342
339
337
336
335
334
333
332
332
332
331
330
329
328
327
326
326
325
324
323
323
322
321
320
320
319
317
316
314
312
311
309
308
307
305
303
301
299
298
298
298
297
296
294
293
294
291
291
295
296
296
295
294
289
288
285
285
284
284
282
279
278
277
275
274
274
273
272
271
270
270
269
269
268
268
268
267
267
267
266
266
265
263
262
260
259
257
256
255
254
254
253
253
253
253
252
252
252
252
252
251
250
249
248
247
247
246
245
245
244
244
243
244
243
242
241
246
275
276
277
277
277
277
277
278
281
283
281
280
277
276
275
275
275
275
275
275
283
289
288
294
296
296
297
296
297
302
307
320
327
337
372
402
418
423
423
423
422
434
438
445
450
454
456
458
460
459
459
462
461
461
459
458
457
459
457
455
453
451
449
447
443
442
440
440
436
434
434
442
441
440
439
438
438
439
438
438
436
436
435
433
432
431
433
438
439
439
440
442
440
438
436
434
431
429
427
425
424
422
421
421
420
420
422
423
423
420
418
417
416
415
415
413
413
414
414
415
417
416
417
417
418
424
423
423
423
422
421
420
419
417
416
416
415
415
415
415
414
417
422
427
426
426
428
438
439
440
439
437
435
434
432
431
429
427
426
425
423
421
420
418
418
421
421
419
417
416
414
413
411
409
407
406
404
402
401
399
397
395
394
393
392
391
391
393
392
389
388
388
389
389
390
391
395
397
397
398
398
398
399
397
396
395
393
393
391
389
388
386
385
385
385
401
412
412
410
408
407
403
401
400
399
398
398
398
399
400
FIN
400
396
392
389
388
386
384
382
380
378
376
374
372
371
370
369
368
367
365
364
363
362
360
358
355
351
349
348
346
344
342
340
338
336
334
333
332
331
330
328
327
326
325
324
322
321
320
319
318
317
316
315
313
312
310
307
305
304
302
301
300
299
298
297
295
293
292
291
289
288
287
286
285
284
282
281
279
277
276
275
274
273
270
269
268
266
264
263
262
260
258
257
256
255
252
250
248
246
244
242
239
237
236
235
234
233
232
231
229
228
227
226
224
222
221
220
219
217
216
215
214
212
210
209
207
205
202
200
199
197
194
193
192
191
190
189
188
187
186
185
184
182
181
180
179
178
177
175
172
167
166
163
161
160
159
158
155
152
147
145
142
140
136
130
128
125
124
122
115
109
104
101
99
96
93
91
88
86
83
81
78
77
71
69
67
64
61
58
57
55
54
53
52
51
50
49
48
45
43
38
33
29
25
19
13
6
