0
1
11
9
8
1
2
0
1
1
2
0
0
0
1
2
21
27
25
24
19
15
9
2
0
0
1
10
5
4
5
1
0
2
0
0
2
4
0
0
0
0
1
0
0
0
0
0
0
0
1
1
0
1
0
1
0
2
7
0
0
0
0
9
4
6
9
6
10
12
10
6
6
9
5
0
1
7
4
0
0
2
0
0
1
15
13
10
7
0
0
1
1
10
9
8
2
0
0
0
0
0
0
0
0
0
1
1
0
0
0
0
0
1
0
0
0
0
0
0
0
0
0
0
1
0
1
0
0
1
2
0
0
0
1
1
0
0
0
1
1
0
0
0
0
1
1
1
1
4
4
0
1
3
0
0
2
0
0
1
5
5
2
1
4
0
1
1
11
9
6
0
0
0
0
0
2
1
6
1
0
0
0
0
1
7
3
1
0
1
0
1
0
0
0
0
0
0
0
0
0
0
3
0
5
1
6
8
1
0
1
0
0
0
0
0
0
1
1
0
0
0
1
0
2
2
2
8
2
18
29
22
18
12
10
8
1
3
1
0
1
0
0
1
7
3
1
5
10
7
0
1
0
1
4
4
19
17
11
6
0
0
0
0
0
2
3
12
16
12
9
0
0
0
0
0
0
0
0
0
0
0
0
0
0
0
0
1
1
2
0
0
1
1
0
0
1
1
0
1
3
1
0
4
1
0
0
0
0
1
1
1
0
1
1
1
1
1
1
0
0
1
1
0
1
1
0
4
0
0
1
14
11
8
2
0
0
0
0
1
0
7
3
17
18
19
15
16
25
22
21
15
10
5
4
2
0
0
0
0
0
0
0
0
0
0
0
1
3
0
0
0
0
0
1
3
5
6
0
0
0
0
1
0
0
0
0
0
0
0
1
10
8
2
1
9
23
17
9
2
0
0
0
1
0
0
1
13
24
24
28
30
25
20
21
15
12
9
1
0
1
1
0
1
0
1
2
10
7
1
0
0
0
0
0
1
1
2
6
5
0
1
2
0
0
1
1
0
0
5
0
1
1
2
1
0
0
0
0
0
2
0
1
0
1
0
1
1
0
0
1
0
1
1
0
0
0
1
0
0
0
0
0
0
1
0
0
1
1
0
3
5
8
21
19
16
20
23
24
26
29
29
33
26
17
10
1
1
0
0
0
0
1
9
5
0
0
0
0
0
0
0
0
0
2
0
0
0
0
0
0
1
1
0
0
0
1
0
0
0
0
0
0
0
0
4
1
4
0
5
5
0
0
1
0
0
2
1
0
0
0
0
1
0
0
0
0
0
0
0
0
0
0
0
0
0
0
1
0
0
0
0
0
0
0
1
0
0
0
1
1
0
0
0
0
0
0
1
0
0
0
0
1
0
11
21
17
13
9
2
9
0
0
1
0
1
0
1
0
1
2
0
1
1
0
0
0
1
0
1
0
0
1
1
4
1
0
0
0
0
0
0
2
0
1
0
1
2
8
16
23
38
33
29
24
19
11
0
0
0
1
1
0
0
1
0
0
0
0
1
1
4
3
1
0
0
1
0
1
0
0
2
2
1
5
0
0
1
4
1
0
24
24
21
17
13
9
0
1
1
3
1
9
5
0
0
1
0
0
0
0
0
1
0
2
0
1
0
0
0
3
0
1
7
5
1
0
1
0
0
1
0
0
1
0
0
0
0
0
0
1
0
1
0
1
1
0
0
0
0
0
1
2
0
0
1
0
1
1
0
0
1
1
1
0
0
0
1
0
0
0
0
0
1
0
1
0
1
12
37
34
30
27
24
18
15
9
1
0
0
1
0
0
0
0
0
1
1
3
1
0
0
6
15
13
8
14
8
16
13
20
15
28
25
26
25
25
21
15
7
0
1
0
0
2
3
2
1
1
1
2
0
0
1
2
12
9
6
2
0
0
0
1
1
1
1
1
1
9
16
19
16
16
18
27
22
30
23
18
14
8
1
0
0
1
2
5
1
8
66
99
123
152
185
205
216
228
236
245
251
259
263
272
286
299
303
308
322
331
341
350
353
350
348
347
344
341
340
337
334
333
330
327
324
321
319
332
336
331
329
327
324
321
319
317
315
312
309
305
302
300
300
298
295
293
291
289
287
285
281
279
277
273
271
270
265
262
269
270
265
261
264
268
277
278
271
269
273
267
258
253
245
239
233
228
234
249
255
250
245
240
232
224
219
211
211
206
198
191
185
183
180
174
166
159
154
152
156
159
155
149
143
133
129
129
122
113
105
94
88
82
79
73
63
56
47
34
22
13
7
0
0
0
1
2
5
1
0
0
0
0
1
0
0
1
2
6
16
9
2
0
0
0
0
0
0
0
1
0
1
0
0
0
0
1
0
0
0
1
17
29
27
24
23
20
18
17
13
10
6
0
0
0
0
0
0
0
2
4
3
1
6
2
0
0
1
0
0
0
0
0
0
0
0
0
0
0
0
0
0
1
0
0
1
1
0
0
1
1
0
0
1
3
1
0
0
1
1
0
0
0
0
1
1
0
1
0
0
0
0
1
1
4
6
5
26
25
26
24
25
21
12
4
3
1
0
1
1
0
1
1
3
5
0
0
0
0
1
13
22
21
20
20
25
20
36
30
27
24
19
14
5
1
1
1
0
5
10
9
3
1
1
0
0
8
3
1
0
0
0
1
1
0
0
1
0
0
3
0
1
0
0
0
2
6
11
7
0
0
1
0
0
0
0
0
1
0
6
13
9
0
0
1
0
0
0
1
2
0
3
0
0
0
0
0
0
0
0
1
1
1
1
1
0
0
26
23
21
39
38
34
32
24
14
6
0
0
0
0
0
0
0
0
0
0
0
0
0
1
0
0
0
10
3
0
0
0
0
0
1
0
0
1
1
1
0
1
1
0
0
1
0
1
0
0
0
0
0
0
0
2
0
1
0
2
0
0
1
0
1
0
0
0
0
0
2
1
7
17
13
8
0
0
0
1
1
0
0
0
1
1
8
23
19
15
11
5
1
1
5
4
5
0
0
1
0
0
0
3
1
0
0
1
2
23
20
16
13
9
1
1
4
3
0
0
0
0
0
0
5
5
0
0
0
0
0
0
0
0
0
0
0
0
0
0
0
0
0
0
0
0
1
0
0
0
0
0
0
1
0
0
9
1
0
1
0
0
0
1
0
1
0
0
0
1
0
0
0
1
1
3
25
22
18
16
15
9
1
0
1
0
1
0
0
0
0
0
0
0
0
0
0
0
0
0
0
0
0
0
1
0
1
0
1
0
0
1
0
1
1
2
3
4
0
0
1
0
1
1
0
0
1
1
1
1
0
1
1
0
0
0
0
0
1
0
1
1
0
0
0
0
0
0
0
0
3
31
28
24
20
19
13
5
0
1
1
13
23
24
25
30
46
62
125
139
136
146
154
160
159
158
156
151
144
141
134
129
124
120
117
113
116
108
101
96
90
87
79
70
76
72
68
60
52
42
35
30
23
20
18
10
0
0
0
1
4
1
2
4
1
0
1
0
0
0
1
5
6
8
13
7
0
0
0
0
0
0
2
2
1
1
0
0
0
0
0
0
0
4
0
1
0
1
4
5
3
0
1
0
0
0
1
13
28
24
21
18
15
12
9
FIN
5
