0
1
0
14
15
14
19
18
17
17
21
21
20
19
18
17
16
23
22
21
20
19
18
23
23
23
29
49
50
58
57
58
59
61
61
60
62
60
61
61
61
60
59
58
57
57
72
70
69
74
82
82
81
83
82
83
85
86
87
86
86
86
95
93
92
91
90
89
87
86
85
84
84
84
84
82
81
79
78
77
76
74
74
73
73
75
74
74
73
75
74
73
73
74
73
73
74
74
72
82
83
82
81
80
78
77
76
75
74
87
86
85
83
91
95
97
96
107
105
104
112
116
115
116
118
123
122
131
130
129
130
129
131
129
134
138
137
136
135
135
134
138
138
138
137
138
137
135
146
152
151
152
152
151
150
152
151
151
150
149
154
152
160
163
164
166
166
167
166
164
163
162
160
159
157
156
154
153
152
153
157
155
154
152
151
151
154
152
152
151
150
149
148
149
148
146
145
144
144
148
147
149
148
148
146
149
148
147
145
144
143
142
141
144
142
141
141
140
142
141
139
141
140
139
139
137
136
142
141
140
138
138
137
137
137
137
137
136
141
139
138
138
138
138
137
138
137
136
135
136
137
137
139
141
141
142
144
144
145
154
157
156
156
154
153
160
159
160
160
160
160
164
163
162
164
165
164
174
173
173
174
177
176
180
182
181
180
179
177
176
186
190
190
189
187
187
188
187
186
185
184
183
182
186
190
189
188
191
198
197
198
197
196
195
194
193
191
190
189
199
204
202
201
206
205
208
206
205
207
207
205
204
202
204
203
202
200
199
197
196
195
194
193
192
191
190
189
188
186
185
192
191
190
188
197
195
195
202
210
210
209
208
206
207
205
204
203
203
203
202
201
200
199
197
196
199
197
196
195
193
193
192
192
193
195
194
192
191
189
192
196
199
201
205
212
215
214
213
233
244
250
249
248
247
249
251
250
256
255
255
259
259
258
263
262
261
263
262
261
261
260
259
260
260
271
270
270
270
269
269
273
285
284
283
282
283
283
281
280
280
279
278
285
288
309
308
309
309
308
307
306
305
304
308
307
307
306
304
303
302
307
309
307
317
321
328
327
328
327
326
324
325
324
323
324
322
321
319
318
317
316
315
313
312
311
309
308
311
310
308
307
306
305
304
303
301
300
298
298
297
297
300
300
301
299
298
297
296
297
297
298
299
298
297
295
294
295
296
295
295
293
296
297
296
296
298
299
304
303
304
302
301
300
299
298
297
295
295
296
299
300
300
300
298
297
301
299
303
303
302
300
299
301
299
298
299
299
297
296
295
293
293
294
294
293
292
291
292
296
299
299
298
296
295
305
312
311
309
309
309
308
308
312
310
309
308
307
305
304
303
307
305
314
315
321
335
333
338
337
342
341
346
350
354
365
364
368
368
368
367
365
364
364
366
371
371
371
370
369
368
366
365
363
362
360
359
357
356
355
354
353
352
351
350
349
351
353
358
357
356
355
356
354
354
353
354
354
355
355
362
362
364
368
368
369
368
367
366
365
364
363
366
367
366
365
363
365
365
364
363
362
361
360
359
358
358
361
371
375
374
374
374
375
381
389
401
406
405
404
403
402
400
400
398
397
395
394
393
393
392
391
390
389
397
408
422
421
423
429
429
430
436
435
436
436
446
445
444
444
443
442
447
446
445
444
445
445
446
445
446
445
445
446
445
444
444
443
458
458
457
455
454
454
453
453
452
451
450
449
447
446
445
446
449
449
448
450
453
456
460
459
460
459
458
459
463
462
461
459
458
459
458
462
461
459
458
457
467
466
466
465
465
463
462
461
467
466
465
464
465
467
465
464
464
463
462
461
464
468
467
466
465
466
465
464
463
462
460
462
464
466
467
467
465
465
464
466
465
467
466
466
471
470
471
469
469
468
468
470
470
469
468
467
466
465
467
466
465
464
463
462
462
465
464
463
464
463
463
464
467
470
475
479
495
497
501
501
499
501
501
509
521
521
529
528
528
536
535
540
539
538
544
543
542
541
540
539
538
537
536
539
539
538
537
536
535
534
533
533
543
546
546
544
543
541
540
539
538
536
535
533
532
530
529
529
528
527
525
524
523
526
526
524
523
521
520
518
517
516
519
518
517
516
521
521
520
520
519
518
519
519
517
516
515
515
514
512
511
510
509
508
507
506
505
504
505
507
513
512
518
518
516
517
523
528
528
529
528
527
526
525
524
522
522
521
526
525
530
528
527
527
526
525
524
523
522
522
524
522
521
520
519
519
518
517
516
514
513
511
510
510
509
507
506
505
504
503
501
501
501
500
498
497
496
495
494
493
492
490
489
488
489
489
488
487
486
485
484
483
482
481
480
480
479
478
476
480
479
478
477
476
474
473
474
472
475
475
474
472
473
471
470
468
467
465
464
463
462
472
477
487
488
487
486
486
485
484
483
484
499
498
497
496
495
493
492
491
493
491
490
489
489
491
490
489
489
489
494
493
491
490
489
491
493
491
490
489
489
488
487
488
487
486
484
485
483
483
484
483
482
488
493
493
492
494
493
492
491
490
489
488
488
487
486
488
490
489
488
487
492
491
489
496
495
502
507
513
525
528
548
556
555
554
553
552
551
550
549
548
547
546
545
545
545
544
544
545
546
544
543
542
541
540
539
538
538
537
537
538
537
536
535
534
536
543
542
541
539
538
537
537
536
535
535
537
536
535
534
535
533
532
538
538
540
539
538
539
545
544
544
549
547
547
554
556
555
554
553
557
582
581
581
580
579
579
579
578
577
576
575
574
573
576
579
578
584
583
582
595
593
592
591
590
589
588
588
591
591
591
589
588
587
587
588
589
588
588
588
588
589
590
589
589
590
589
588
587
586
585
591
592
592
591
594
602
602
600
601
601
602
600
599
598
598
597
598
597
596
594
596
595
596
596
595
595
593
592
590
589
588
587
586
584
583
582
584
584
582
582
583
582
581
580
578
578
579
578
576
575
576
574
573
573
572
571
572
574
574
573
572
571
570
570
570
569
569
573
572
571
570
568
567
567
567
566
567
566
564
563
561
562
563
563
562
560
560
560
562
562
563
562
560
559
557
557
558
557
559
558
575
591
599
599
598
597
596
597
596
595
595
595
597
597
596
596
598
599
598
597
600
601
600
599
597
599
598
599
598
597
598
598
599
605
603
604
603
604
603
602
609
618
622
623
622
624
624
632
631
630
645
646
645
652
656
655
660
678
677
677
682
681
681
686
688
687
685
684
685
683
684
682
682
680
681
681
683
681
688
689
690
690
691
690
690
692
693
692
696
696
696
696
696
696
701
703
716
714
713
712
714
713
718
719
718
718
717
718
717
716
721
722
722
722
721
720
720
721
724
730
736
745
753
754
754
753
756
757
760
774
773
772
771
782
785
784
783
782
782
784
783
784
783
782
781
783
784
782
783
788
790
795
794
793
792
802
830
872
891
903
919
933
953
975
990
1007
1012
1020
1026
1036
1045
1047
1050
1059
1063
1070
1076
1079
1083
1089
1094
1098
1111
1122
1129
1132
1136
1139
1148
1155
1164
1169
1176
1181
1187
1188
1192
1191
1190
1190
1191
1190
1191
1190
1189
1190
1191
1190
1189
1187
1186
1187
1187
1188
1187
1185
1184
1185
1185
1184
1184
1183
1203
1205
1205
1203
1202
1204
1204
1203
1201
1200
1201
1199
1200
1200
1199
1200
1201
1199
1198
1197
1197
1198
1197
1196
1199
1201
1201
1200
1199
1199
1199
1201
1203
1202
1201
1200
1201
1202
1201
1200
1201
1200
1200
1198
1199
1198
1199
1199
1198
1197
1197
1205
1207
1210
1210
1210
1211
1212
1221
1225
1227
1235
1240
1245
1245
1244
1243
1245
1254
1254
1253
1252
1251
1250
1249
1247
1246
1245
1243
1242
1240
1239
1245
1257
1267
1272
1277
1281
1280
1278
1277
1275
1275
1274
1273
1271
1270
1269
1269
1268
1266
1272
1270
1269
1267
1267
1266
1265
1264
1263
1267
1267
1266
1267
1267
1266
1265
1264
1272
1272
1272
1279
1286
1285
1284
1283
1283
1283
1285
1284
1291
1290
1296
1296
1295
1294
1293
1292
1292
1291
1290
1288
1287
1286
1286
1286
1284
1283
1283
1282
1280
1279
1277
1276
1282
1281
1280
1279
1284
1283
1284
1283
1283
1282
1281
1281
1281
1283
1284
1290
1290
1289
1288
1289
1290
1289
1288
1290
1289
1288
1293
1292
1291
1290
1291
1292
1295
1295
1315
1319
1318
1317
1317
1317
1316
1315
1315
1314
1313
1312
1313
1313
1312
1311
1310
1308
1307
1313
1312
1311
1314
1313
1312
1312
1312
1311
1310
1309
1312
1311
1310
1309
1308
1307
1306
1306
1332
1340
1341
1340
1340
1340
1340
1341
1341
1341
1341
1344
1346
1345
1347
1351
1350
1348
1347
1346
1344
1343
1341
1340
1339
1340
1339
1340
1339
1338
1337
1341
1346
1345
1350
1349
1348
1356
1355
1354
1353
1353
1352
1351
1352
1352
1351
1350
1349
1348
1347
1346
1345
1344
1343
1342
1343
1342
1341
1341
1344
1342
1341
1340
1340
1340
1339
1340
1341
1341
1341
1342
1342
1342
1342
1342
1341
1341
1342
1341
1342
1341
1343
1343
1344
1344
1345
1346
1346
1351
1352
1353
1352
1352
1353
1353
1354
1354
1355
1354
1353
1352
1352
1351
1350
1349
1352
1351
1350
1350
1350
1349
1347
1346
1345
1345
1344
1343
1344
1344
1345
1346
1346
1349
1360
1360
1359
1371
1389
1389
1388
1394
1394
1394
1394
1396
1401
1401
1401
1401
1400
1399
1401
1405
1405
1405
1405
1403
1402
1401
1400
1399
1404
1403
1404
1402
1401
1411
1413
1412
1413
1411
1410
1409
1408
1407
1407
1407
1417
1423
1434
1436
1435
1436
1435
1438
1437
1447
1447
1447
1446
1468
1467
1466
1465
1465
1464
1464
1464
1464
1465
1465
1465
1465
1463
1465
1465
1467
1466
1465
1473
1478
1480
1482
1483
1482
1483
1484
1483
1485
1486
1485
1485
1495
1495
1494
1497
1497
1497
1498
1497
1497
1497
1497
1499
1498
1497
1496
1495
1493
1492
1494
1493
1492
1490
1490
1489
1493
1492
1492
1492
1492
1491
1490
1489
1488
1490
1494
1501
1509
1510
1510
1511
1509
1508
1507
1505
1505
1505
1504
1503
1502
1501
1500
1499
1499
1499
1498
1500
1501
1518
1519
1520
1519
1521
1520
1519
1518
1517
1517
1516
1515
1515
1514
1515
1513
1514
1518
1517
1517
1516
1520
1524
1523
1523
1522
1521
1520
1519
1518
1517
1516
1515
1514
1513
1512
1517
1517
1518
1518
1517
1516
1517
1518
1516
1517
1516
1521
1546
1545
1543
1543
1541
1564
1565
1566
1565
1564
1568
1567
1566
1565
1564
1563
1562
1561
1560
1559
1558
1561
1559
1560
1559
1557
1556
1556
1555
1553
1552
1551
1550
1549
1548
1546
1545
1544
1543
1542
1542
1541
1541
1540
1539
1554
1555
1554
1553
1552
1551
1550
1549
1548
1550
1549
1549
1549
1547
1548
1547
1547
1546
1548
1548
1546
1545
1545
1548
1547
1546
1545
1544
1543
1544
1543
1543
1542
1542
1542
1541
1541
1541
1540
1539
1539
1537
1539
1539
1538
1537
1538
1537
1536
1536
1538
1540
1539
1538
1537
1536
1535
1535
1537
1537
1538
1537
1536
1538
1538
1538
1537
1538
1538
1537
1536
1535
1534
1535
1534
1533
1532
1532
1536
1535
1534
1552
1555
1555
1555
1554
1553
1552
1551
1550
1549
1548
1547
1548
1547
1546
1545
1545
1545
1545
1545
1544
1543
1548
1547
1547
1559
1572
1573
1572
1571
1571
1570
1569
1568
1567
1568
1567
1572
1576
1580
1579
1586
1586
1585
1584
1583
1582
1581
1580
1579
1578
1577
1579
1584
1584
1585
1585
1585
1586
1585
1584
1583
1607
1609
1610
1609
1609
1608
1607
1606
1605
1606
1605
1604
1609
1614
1614
1620
1620
1619
1618
1617
1616
1615
1614
1613
1612
1611
1611
1619
1623
1622
1621
1620
1619
1618
1617
1616
1615
1614
1613
1612
1611
1611
1615
1615
1614
1613
1614
1613
1612
1611
1610
1609
1608
1608
1607
1606
1605
1604
1603
1602
1601
1600
1599
1600
1599
1599
1598
1597
1597
1596
1595
1594
1593
1592
1591
1590
1589
1589
1588
1601
1603
1602
1601
1600
1599
1598
1597
1596
1595
1598
1597
1596
1598
1597
1596
1595
1594
1599
1598
1597
1596
1598
1600
1599
1598
1597
1596
1595
1594
1594
1596
1599
1625
1625
1624
1624
1623
1622
1621
1626
1625
1624
1623
1622
1623
1623
1628
1627
1627
1626
1625
1624
1625
1624
1623
1622
1621
1621
1620
1619
1618
1617
1616
1615
1614
1613
1614
1613
1615
1615
1614
1613
1612
1611
1610
1609
1608
1607
1606
1605
1606
1606
1605
1605
1604
1603
1602
1602
1603
1602
1601
1600
1599
1601
1603
1602
1602
1603
1603
1607
1606
1610
1615
1614
1614
1615
1614
1614
1614
1614
1614
1616
1617
1618
1618
1620
1620
1620
1621
1622
1622
1623
1624
1623
1623
1621
1621
1621
1621
1621
1620
1620
1621
1620
1620
1619
1619
1618
1618
1618
1618
1617
1618
1617
1618
1618
1620
1618
1617
1616
1615
1613
1612
1611
1610
1609
1610
1611
1611
1611
1617
1650
1649
1651
1652
1653
1655
1657
1660
1664
1663
1663
1662
1661
1660
1662
1661
1661
1661
1670
1676
1689
1692
1692
1696
1697
1703
1707
1723
1728
1744
1784
1816
1826
1830
1831
1830
1844
1847
1856
1865
1869
1870
1877
1879
1878
1882
1884
1883
1882
1881
1880
1884
1883
1882
1881
1879
1878
1876
1875
1878
1879
1878
1889
1889
1888
1887
1886
1885
1888
1887
1888
1893
1892
1891
1890
1896
1904
1903
1906
1910
1910
1909
1908
1907
1906
1905
1904
1903
1902
1904
1906
1907
1912
1917
1916
1915
1914
1913
1912
1911
1910
1913
1912
1918
1917
1917
1918
1918
1926
1925
1925
1927
1927
1926
1925
1924
1923
1924
1924
1923
1924
1926
1932
1939
1940
1940
1950
1954
1955
1955
1954
1953
1952
1952
1951
1952
1951
1950
1951
1950
1949
1948
1951
1955
1954
1954
1953
1952
1953
1952
1951
1950
1949
1948
1947
1946
1945
1945
1943
1943
1944
1949
1948
1948
1948
1950
1949
1951
1955
1960
1961
1963
1964
1967
1968
1967
1966
1967
1967
1967
1966
1965
1964
1966
1981
1997
1998
1996
1995
1994
1992
1993
1991
1991
1992
1995
1997
1997
1995
1994
1992
1991
1989
1989
1988
1987
1986
1985
1984
1983
1982
1981
1980
1979
1978
1977
1976
1975
1974
1973
1972
1971
1971
1970
1969
1968
1967
1966
1964
1963
1962
1961
1960
1959
1958
1956
1956
1955
1954
1953
1952
1951
1950
1949
1948
1947
1946
1945
1944
1943
1942
1942
1940
1939
1938
1938
1937
1936
1935
1934
1933
1931
1930
1929
1928
1927
1926
1924
1923
1922
1921
1920
1918
1917
1916
1915
1914
1913
1912
1911
1911
1910
1909
1907
1906
1904
1903
1901
1900
1899
1898
1897
1896
1895
1894
1893
1892
1892
1891
1889
1888
1887
1885
1884
1883
1882
1881
1880
1878
1877
1876
1875
1874
1873
1872
1871
1870
1869
1868
1867
1865
1864
1863
1862
1861
1860
1859
1857
1856
1854
1853
1851
1850
1849
1848
1847
1847
1846
1845
1844
1843
1842
1841
1840
1839
1838
1837
1836
1836
1835
1834
1833
1832
1831
1830
1829
1828
1827
1826
1825
1825
1824
1823
1822
1821
1819
1818
1816
1815
1813
1812
1810
1809
1808
1807
1806
1805
1803
1802
1800
1799
1798
1797
1796
1795
1794
1793
1792
1791
1789
1788
1786
1786
1785
1783
1782
1780
1779
1778
1777
1775
1774
1773
1771
1770
1768
1767
1766
1765
1764
1762
1761
1760
1759
1757
1756
1755
1754
1752
1751
1749
1748
1747
1746
1745
1743
1742
1740
1739
1738
1736
1735
1733
1732
1730
1729
1727
1726
1725
1724
1723
1722
1720
1719
1717
1716
1714
1713
1712
1710
1709
1708
1706
1705
1704
1703
1701
1700
1698
1697
1696
1695
1694
1693
1692
1690
1689
1688
1686
1685
1683
1682
1680
1679
1677
1676
1674
1673
1671
1670
1669
1667
1666
1664
1663
1661
1660
1659
1658
1656
1655
1654
1653
1651
1650
1649
1648
1647
1646
1645
1644
1643
1642
1641
1640
1639
1638
1637
1636
1636
1635
1634
1633
1632
1631
1630
1629
1628
1627
1626
1625
1625
1624
1623
1622
1621
1620
1619
1618
1617
1616
1615
1614
1614
1613
1612
1611
1610
1609
1608
1607
1606
1605
1604
1603
1603
1602
1601
1600
1599
1598
1597
1596
1595
1594
1593
1592
1591
1590
1589
1588
1587
1586
1585
1584
1583
1582
1582
1581
1579
1578
1577
1576
1575
1574
1573
1572
1571
1570
1569
1568
1567
1566
1565
1564
1563
1562
1561
1559
1558
1557
1556
1555
1554
1553
1552
1551
1550
1550
1549
1548
1547
1546
1545
1544
1542
1541
1541
1540
1539
1537
1536
1535
1534
1533
1531
1530
1529
1527
1526
1525
1524
1523
1521
1520
1518
1518
1516
1515
1514
1513
1512
1511
1509
1508
1507
1506
1505
1504
1502
1501
1500
1499
1498
1497
1496
1494
1493
1491
1490
1489
1488
1487
1486
1485
1484
1483
1482
1481
1480
1479
1477
1476
1475
1474
1473
1472
1471
1469
1468
1467
1465
1464
1462
1461
1459
1458
1457
1456
1455
1454
1453
1452
1451
1450
1449
1448
1446
1445
1445
1444
1442
1441
1440
1439
1438
1437
1436
1436
1435
1434
1433
1432
1431
1430
1429
1428
1427
1426
1424
1423
1422
1420
1419
1417
1416
1415
1413
1413
1411
1410
1408
1407
1405
1404
1403
1401
1400
1399
1397
1396
1394
1393
1392
1391
1390
1389
1388
1386
1385
1384
1383
1382
1380
1380
1378
1377
1375
1374
1372
1371
1369
1368
1367
1366
1365
1364
1363
1362
1361
1360
1359
1358
1358
1357
1356
1354
1354
1353
1352
1351
1350
1349
1348
1347
1346
1345
1344
1343
1342
1341
1340
1340
1339
1338
1337
1336
1335
1334
1333
1332
1331
1330
1329
1328
1326
1325
1323
1323
1322
1321
1320
1319
1318
1317
1316
1315
1314
1313
1312
1311
1309
1308
1307
1306
1305
1304
1303
1302
1301
1300
1298
1297
1296
1295
1294
1293
1292
1290
1289
1288
1286
1285
1284
1282
1281
1280
1278
1277
1276
1275
1274
1273
1271
1270
1268
1267
1266
1265
1263
1262
1260
1259
1258
1257
1255
1254
1252
1251
1250
1249
1248
1248
1246
1245
1244
1243
1241
1240
1239
1238
1237
1235
1235
1233
1232
1231
1229
1228
1227
1225
1224
1223
1221
1220
1219
1218
1216
1215
1214
1213
1211
1210
1209
1208
1207
1205
1204
1203
1202
1201
1200
1199
1198
1197
1196
1195
1194
1192
1191
1189
1188
1187
1185
1184
1182
1181
1180
1179
1177
1176
1175
1173
1172
1171
1169
1169
1167
1166
1164
1163
1161
1161
1160
1158
1157
1155
1154
1153
1152
1150
1149
1148
1147
1146
1145
1144
1143
1141
1140
1138
1137
1135
1134
1133
1131
1130
1129
1128
1127
1125
1124
1124
1123
1122
1121
1120
1119
1117
1116
1114
1114
1113
1111
1110
1108
1107
1106
1105
1104
1103
1101
1100
1099
1098
1097
1096
1095
1094
1093
1092
1091
1090
1089
1088
1087
1086
1086
1085
1084
1083
1082
1081
1080
1079
1078
1077
1076
1075
1075
1074
1073
1072
1071
1070
1069
1068
1067
1066
1065
1064
1064
1063
1062
1061
1060
1058
1057
1056
1055
1054
1053
1051
1050
1048
1047
1045
1044
1042
1041
1039
1038
1036
1035
1033
1032
1031
1029
1028
1027
1026
1025
1024
1023
1021
1020
1019
1018
1017
1015
1014
1012
1011
1009
1008
1006
1005
1003
1002
1001
1000
999
998
997
996
995
994
992
991
990
989
988
987
986
985
984
982
981
980
979
978
976
975
974
972
971
970
969
968
966
965
963
962
961
961
959
958
956
955
954
953
952
951
950
948
947
946
945
944
942
941
940
938
937
936
935
935
934
933
932
931
930
929
928
927
926
925
924
924
923
922
921
920
919
918
917
915
914
913
912
911
909
908
906
905
903
902
901
900
900
899
898
897
896
895
894
893
892
891
890
889
889
888
887
886
885
884
883
882
881
880
879
878
878
877
876
875
874
873
871
870
869
868
867
865
864
863
863
862
861
859
858
856
855
854
853
852
851
851
850
849
848
847
846
845
844
842
841
839
838
837
836
835
834
833
832
831
831
830
829
828
827
826
825
824
823
822
821
820
820
819
818
817
816
815
814
813
812
811
810
809
809
808
807
806
805
804
803
802
800
799
798
796
795
794
793
791
790
788
787
787
785
784
782
781
780
779
778
777
776
775
775
774
773
772
771
770
768
767
765
765
764
763
762
761
760
758
757
755
754
752
751
749
748
746
745
743
742
741
739
738
737
736
735
734
733
732
731
729
728
727
726
725
724
723
722
721
719
718
717
716
715
714
713
712
711
710
709
708
707
706
706
705
704
703
702
701
700
699
698
697
696
695
695
694
693
692
691
690
689
688
687
686
685
684
682
681
679
678
677
675
674
672
671
669
668
667
666
665
663
662
661
660
658
657
656
654
653
652
651
649
648
647
646
645
644
643
641
640
639
637
636
635
635
634
632
631
630
629
627
626
625
624
623
622
621
620
619
618
617
616
614
613
612
611
610
609
607
606
605
603
602
601
599
598
597
596
594
593
592
590
589
588
586
585
583
582
581
580
578
577
575
574
572
571
569
568
566
565
564
562
561
559
558
556
555
553
552
550
549
547
546
544
543
542
540
539
537
536
534
533
531
530
528
527
525
524
522
521
520
518
517
515
514
512
512
511
510
509
508
507
506
505
504
503
502
501
500
499
498
498
497
495
494
494
493
492
491
490
489
488
487
486
485
484
483
482
481
480
480
478
477
476
474
473
472
471
469
468
466
465
464
463
462
461
460
459
458
457
456
455
454
453
452
450
449
448
447
446
445
444
443
441
440
439
438
437
436
435
434
434
433
431
430
428
427
425
424
422
421
419
418
417
415
414
412
411
409
408
406
405
403
402
401
400
398
397
395
394
392
391
390
388
387
386
384
383
381
380
378
377
375
374
372
371
369
368
366
365
364
363
362
360
359
357
356
354
353
352
350
349
347
346
344
343
341
340
338
337
336
334
333
332
330
329
329
327
326
325
324
323
322
321
320
319
318
317
316
315
314
313
312
310
309
307
306
305
303
302
301
299
298
296
295
293
292
290
289
287
286
284
283
281
280
279
277
276
274
273
271
270
268
267
265
264
262
261
259
258
257
255
254
252
251
249
248
246
245
243
242
241
239
238
236
235
234
232
231
229
228
226
225
223
222
221
219
218
216
215
214
213
212
211
210
209
208
207
206
205
204
203
202
201
199
198
196
195
194
192
191
189
188
186
185
183
182
181
180
180
179
177
177
176
175
173
173
172
171
170
168
167
166
165
163
162
161
159
158
157
156
155
153
152
151
150
149
148
147
146
145
144
142
141
140
139
138
136
135
133
132
132
131
130
129
128
127
126
124
123
122
121
119
118
116
115
114
113
112
111
110
109
109
107
106
105
104
103
102
101
100
99
98
97
95
94
92
91
91
90
89
88
87
86
84
83
82
81
80
79
77
76
75
74
73
72
71
71
70
68
67
66
65
64
63
62
60
59
58
56
55
53
52
51
50
49
48
47
46
45
44
43
42
41
41
40
39
38
37
36
35
34
33
32
31
30
30
29
28
27
26
25
24
23
22
21
20
19
19
18
17
16
15
14
12
11
10
9
8
7
6
6
4
3
2
1
