0
1
0
0
4
14
12
10
9
8
11
9
7
5
2
1
5
4
2
0
0
0
0
0
0
0
0
0
7
6
4
1
0
0
0
0
0
0
7
6
4
1
6
11
23
21
28
28
26
25
24
22
23
22
21
19
17
17
15
12
9
8
7
5
4
2
2
1
0
0
0
0
0
0
0
2
10
14
11
9
7
4
1
6
4
10
8
6
3
0
0
3
1
0
1
1
0
3
4
2
0
2
1
0
1
0
0
3
7
7
5
3
0
0
0
0
0
0
0
0
0
0
0
0
0
0
0
1
2
0
0
0
0
0
0
0
0
0
0
0
0
0
0
0
0
3
4
2
0
1
0
2
1
1
0
0
0
1
1
1
0
0
1
2
1
1
0
0
0
13
11
8
6
3
1
0
0
0
0
0
0
0
0
0
0
15
13
10
7
5
2
9
7
8
12
9
6
15
14
11
9
7
15
12
14
11
9
7
7
5
11
8
6
3
11
8
6
4
3
1
0
1
2
0
0
1
10
9
7
5
3
1
0
0
0
0
6
4
4
3
0
0
0
2
1
0
0
3
16
16
14
12
11
11
10
8
6
4
3
3
0
0
2
0
0
0
0
6
4
1
1
12
11
10
9
9
10
9
6
6
4
2
0
0
0
0
0
0
0
0
0
0
0
0
0
0
0
0
1
1
5
3
0
0
0
0
0
0
0
0
4
2
0
0
1
1
0
0
0
0
0
0
2
0
0
0
0
0
0
0
0
0
0
6
4
2
0
3
2
0
0
0
0
0
3
2
0
1
0
0
0
0
0
0
0
0
0
0
0
1
1
2
0
0
0
0
0
0
0
0
4
3
1
0
0
3
1
1
0
0
0
0
0
0
0
0
0
6
5
3
1
0
0
0
0
0
0
0
0
0
1
1
1
1
0
0
1
0
3
4
1
0
0
0
0
0
2
0
0
1
0
0
0
1
0
0
0
0
0
0
2
0
0
2
0
1
3
1
2
1
1
0
2
3
2
0
2
0
7
11
8
6
3
1
0
0
0
0
6
7
5
2
0
1
0
2
1
1
0
3
4
1
0
0
3
1
2
0
0
1
10
9
7
5
4
3
4
3
1
0
1
5
7
5
3
1
0
0
0
0
0
0
7
14
13
11
11
9
7
5
4
2
1
0
0
0
0
0
0
0
0
0
2
3
2
4
3
1
0
0
5
10
8
5
2
2
1
0
0
0
0
0
0
0
0
0
0
0
1
16
15
12
9
6
6
6
4
1
0
4
3
1
0
0
3
1
1
0
0
0
0
1
1
0
0
0
0
0
0
0
0
0
0
0
0
0
0
0
0
0
0
0
0
0
0
0
0
0
0
0
9
7
5
3
0
0
9
7
4
3
0
3
7
5
12
11
8
6
4
1
0
0
0
2
0
0
0
0
0
0
0
2
1
0
0
1
0
0
0
0
0
0
0
0
2
1
0
0
0
0
0
0
0
1
1
0
0
0
6
4
1
0
0
0
0
0
0
3
3
3
4
3
3
3
2
3
7
7
8
6
3
0
2
14
18
22
26
30
27
24
21
18
15
12
15
13
10
7
10
9
7
4
7
4
1
2
0
1
6
4
1
0
0
3
1
0
0
0
0
0
0
0
0
0
1
2
0
0
6
10
9
8
6
5
3
1
0
1
0
1
5
9
15
13
10
7
6
4
3
2
0
0
0
0
0
0
0
0
0
1
0
0
8
6
5
5
21
22
20
18
18
17
16
14
12
10
7
4
2
0
0
0
0
1
4
3
1
0
0
0
0
0
0
0
0
0
0
6
5
4
2
7
10
11
11
12
15
14
12
11
9
7
5
3
4
2
0
0
0
0
2
0
0
0
0
0
0
0
0
0
0
0
0
0
0
0
0
0
0
0
5
4
2
0
0
0
1
0
0
0
0
0
0
0
0
0
0
0
0
0
1
0
0
0
0
4
2
1
3
1
0
0
0
0
0
0
0
2
2
1
2
1
0
2
1
0
0
0
0
0
1
3
3
1
0
0
0
0
0
6
5
3
2
1
1
1
2
1
4
6
4
2
2
1
0
0
0
0
0
0
0
0
0
0
0
1
3
2
0
2
2
1
1
1
0
0
0
3
3
0
0
6
6
3
0
0
0
0
1
2
0
0
0
0
3
2
0
0
0
0
0
0
0
0
1
3
2
1
0
1
0
0
0
1
1
4
6
5
3
1
0
0
0
0
1
6
10
16
14
12
10
10
9
7
5
3
1
6
4
1
0
0
0
0
1
0
0
0
0
0
1
5
4
2
2
5
9
6
3
1
14
20
18
16
14
16
17
16
14
17
14
11
8
8
14
12
9
12
21
18
15
13
17
15
14
12
12
11
8
5
2
0
0
0
1
2
3
1
3
4
4
2
2
0
0
0
0
1
0
0
0
0
0
0
0
0
0
0
0
0
0
0
0
0
0
0
0
0
0
0
0
0
0
0
0
0
0
0
0
0
0
6
4
5
4
1
0
0
0
0
0
0
1
0
0
1
0
0
1
2
0
1
1
1
3
6
4
5
4
8
7
5
4
1
0
0
0
0
0
0
0
0
0
3
4
1
0
0
0
0
2
1
2
0
0
0
0
0
0
0
0
0
0
0
0
1
1
6
11
12
12
10
8
6
4
1
0
1
1
0
7
10
10
18
22
25
22
19
17
14
12
10
8
5
2
0
0
0
0
0
0
0
0
0
0
0
0
0
1
0
0
0
0
0
0
0
0
0
1
8
13
19
24
26
24
24
25
23
29
27
26
23
29
27
24
21
20
19
17
14
18
20
18
16
13
10
9
7
6
4
3
6
4
2
0
0
0
0
1
1
0
3
1
0
0
0
2
0
0
0
1
2
0
0
1
0
0
1
14
14
12
10
8
6
5
3
1
1
0
0
1
0
0
0
0
0
0
0
0
0
0
0
0
0
0
1
4
3
0
1
0
1
0
7
6
7
9
8
5
3
2
1
0
0
1
2
4
2
0
0
0
0
0
0
0
1
0
4
3
1
0
0
0
0
0
0
1
10
8
5
4
1
0
0
0
0
0
0
0
5
5
3
1
0
1
1
0
3
1
0
0
1
0
0
1
0
0
0
3
7
5
4
2
0
0
0
3
1
0
0
0
0
0
0
0
3
2
3
3
3
1
3
3
0
0
0
1
0
0
2
1
0
0
3
1
0
2
3
5
3
0
1
1
0
0
1
0
0
0
1
1
3
2
1
0
0
0
0
0
0
0
0
0
0
2
0
0
0
0
0
0
0
0
0
0
0
1
2
3
1
0
0
0
2
0
0
0
2
0
1
6
4
5
6
8
5
16
23
21
21
20
18
16
14
12
10
10
9
14
13
20
19
18
15
18
20
18
17
15
22
21
18
17
19
17
16
13
11
11
14
12
10
7
5
4
1
0
0
0
0
0
0
0
1
3
1
0
0
0
0
0
0
0
0
0
0
0
1
11
13
13
11
9
7
6
4
2
0
0
0
0
0
0
0
0
0
0
0
0
0
0
1
1
0
0
0
0
0
0
0
0
1
5
4
2
0
0
0
0
0
0
0
0
0
0
0
4
2
0
0
0
0
2
3
2
0
0
1
0
0
0
0
0
2
1
0
0
0
0
0
0
2
0
0
0
0
0
0
0
0
0
0
0
0
0
0
0
0
0
0
0
0
1
1
2
7
5
3
0
0
8
6
4
1
0
2
0
8
6
7
7
4
2
3
1
0
0
1
0
0
0
0
0
0
0
0
1
0
0
0
3
4
1
0
3
4
1
0
0
0
0
0
0
0
0
0
0
0
0
0
0
2
2
0
0
0
0
0
1
1
0
0
0
0
0
0
0
0
0
0
0
0
2
1
0
0
0
0
0
0
0
0
0
0
0
1
1
0
0
0
0
0
0
0
0
0
0
0
0
0
0
0
0
1
1
0
1
1
0
0
0
0
0
0
0
0
0
0
0
0
0
0
0
0
0
0
1
0
0
0
1
4
3
2
0
0
0
0
0
0
0
0
0
2
0
0
1
2
2
0
0
0
0
0
2
0
0
0
0
0
0
0
0
0
0
0
0
0
0
5
9
14
18
24
22
20
18
17
15
13
11
9
7
6
5
3
11
15
13
10
7
4
1
0
0
0
0
0
0
3
1
0
0
0
0
0
0
2
3
1
0
0
0
2
0
1
5
4
2
0
0
0
0
0
1
2
0
3
2
0
0
0
0
1
0
1
0
0
2
0
0
0
0
0
0
2
0
0
0
2
1
0
0
0
0
7
10
8
6
3
1
3
1
0
0
0
0
0
0
0
0
0
0
1
0
0
0
0
0
0
1
4
5
3
0
0
0
0
0
0
6
4
1
0
0
8
6
4
1
8
12
10
8
11
21
19
16
38
35
39
38
35
33
30
28
26
24
21
20
17
16
13
11
8
5
3
0
0
0
0
0
1
1
0
0
0
2
0
2
2
0
0
0
0
0
0
0
0
0
0
0
0
0
0
0
1
1
0
2
0
0
0
0
0
0
0
2
8
7
5
3
1
0
0
0
0
0
0
1
0
0
0
0
1
3
2
0
0
0
0
0
2
0
0
0
6
6
3
0
4
3
1
0
2
5
6
3
0
0
6
4
1
0
1
5
9
6
3
0
0
0
0
0
7
20
29
27
25
24
22
20
19
18
16
14
12
10
9
7
5
3
1
0
0
0
2
5
4
1
0
1
3
4
1
0
0
14
13
11
9
7
5
4
2
0
0
0
0
0
0
1
4
3
2
1
0
0
0
0
0
0
1
0
2
0
2
0
1
0
0
2
1
0
4
3
1
0
1
0
1
1
0
0
0
0
0
0
0
0
5
8
7
5
3
1
0
7
9
10
8
6
5
4
3
3
1
0
0
0
0
0
2
1
0
2
2
0
0
0
0
0
1
1
0
2
1
1
0
0
1
0
0
0
0
0
0
0
0
0
0
0
0
0
0
0
0
0
0
4
2
0
0
0
1
0
2
1
0
0
0
0
0
0
0
3
1
0
0
0
0
1
1
0
0
0
1
0
1
0
1
1
2
2
0
0
0
0
0
0
0
0
1
0
0
1
0
0
1
4
3
1
0
0
0
0
0
0
0
1
0
1
0
0
2
1
0
0
0
0
0
0
0
1
1
1
1
1
0
0
0
0
2
1
1
2
1
0
1
0
0
0
0
0
0
0
0
1
1
1
0
0
1
2
1
12
17
18
36
37
35
34
32
30
28
26
24
23
23
21
19
17
14
14
12
10
11
9
7
5
3
1
1
1
2
1
2
1
0
0
0
1
2
1
0
2
1
0
0
0
0
0
2
1
2
1
0
0
0
0
1
3
2
1
2
5
4
2
0
3
2
2
1
0
0
0
0
9
17
15
18
15
15
13
11
8
9
8
14
13
11
9
6
19
18
16
15
13
13
22
19
17
15
19
28
32
29
28
25
28
26
24
22
22
25
25
24
22
20
19
16
13
11
11
8
5
5
3
2
0
0
0
0
2
1
0
2
3
1
0
1
7
6
4
3
3
1
2
1
0
1
0
2
1
2
3
1
2
1
0
2
4
2
2
1
1
0
1
0
0
6
7
4
2
14
13
11
9
7
6
6
5
2
5
4
3
1
0
1
1
1
1
0
0
0
6
4
3
1
1
1
0
0
0
0
1
0
2
1
11
9
14
12
19
16
24
21
20
18
16
13
11
13
11
10
12
12
20
23
21
20
18
15
14
22
23
21
18
16
14
12
9
8
7
6
5
4
2
0
0
0
0
2
1
1
1
0
2
7
5
3
4
6
6
4
2
1
1
8
22
36
62
81
90
99
106
114
123
131
142
151
166
176
184
194
199
201
207
208
211
213
220
223
227
226
226
228
234
235
236
238
243
245
246
246
248
247
250
256
256
255
257
261
267
274
276
279
280
280
280
280
282
282
283
286
289
295
295
296
302
304
306
310
312
314
319
319
318
320
319
317
315
314
313
311
312
310
310
308
306
304
303
303
301
302
300
298
297
295
293
291
289
287
288
288
286
284
284
282
281
279
277
275
273
271
272
270
270
268
266
264
264
262
260
275
277
277
279
277
275
273
271
269
271
269
269
267
265
263
262
260
258
258
256
256
255
253
250
249
247
247
245
246
244
242
240
238
236
236
234
232
231
229
227
225
223
226
226
226
224
222
221
220
218
216
215
213
212
212
212
213
211
209
207
206
204
204
202
202
200
198
195
194
191
190
189
188
186
185
183
183
181
181
179
177
177
175
174
172
171
177
179
177
180
178
176
174
173
173
176
176
185
185
185
187
193
195
200
198
196
194
192
190
191
197
199
197
195
193
192
190
188
186
184
182
180
178
176
174
172
170
168
166
165
170
178
181
193
191
195
199
196
193
190
187
185
183
180
180
178
175
174
172
170
168
167
166
164
163
161
165
163
161
158
156
155
153
151
150
148
146
144
142
140
139
136
135
138
136
133
131
129
128
126
124
122
120
118
115
112
118
118
117
115
117
119
125
122
120
117
115
113
111
109
110
109
106
103
110
107
104
101
107
105
103
102
100
98
96
94
92
91
89
87
85
83
81
80
77
76
73
71
69
67
65
62
60
58
56
54
51
48
47
44
44
44
42
39
36
34
32
29
27
29
28
25
24
22
19
16
14
11
9
6
3
1
1
0
0
1
5
3
7
5
2
0
0
0
2
0
2
0
0
0
0
3
1
0
0
0
6
4
1
0
0
0
0
0
0
2
3
1
2
1
0
7
19
17
19
16
13
10
7
4
2
0
0
0
0
0
0
0
0
1
0
0
0
0
0
0
2
1
0
0
0
0
0
0
0
0
0
0
0
0
6
4
1
0
0
4
3
1
0
0
0
0
2
0
0
0
0
0
0
0
0
3
3
1
0
0
0
0
0
0
0
0
0
0
0
1
11
21
31
30
29
28
27
25
24
22
21
20
19
17
17
16
14
13
13
11
10
9
8
8
8
8
6
4
4
3
4
4
2
0
0
0
0
0
0
0
0
0
0
0
0
0
0
0
0
1
1
0
0
0
2
0
0
0
0
0
0
4
4
6
6
4
2
6
4
1
0
0
0
0
9
8
6
4
2
0
0
0
1
0
0
0
0
2
1
1
0
0
0
0
0
0
0
0
0
0
0
0
0
0
0
0
0
0
0
0
0
2
0
0
0
0
0
0
3
3
1
0
0
0
0
0
1
0
1
0
0
1
1
2
0
1
1
0
2
0
0
1
0
0
1
0
1
0
0
0
1
1
1
0
0
1
1
0
0
3
2
0
1
1
1
0
2
1
2
0
3
4
2
3
2
0
0
0
1
0
2
1
0
1
2
1
1
1
0
0
0
0
0
0
0
0
0
0
0
0
4
4
2
0
0
0
1
0
0
0
0
0
0
1
0
0
0
0
1
0
0
1
0
2
1
2
1
3
10
12
9
6
3
1
19
30
28
27
25
22
27
25
24
22
21
19
20
20
23
22
19
17
15
13
10
9
6
3
9
6
4
1
1
0
1
0
0
0
0
0
0
0
0
2
3
3
0
2
0
0
0
0
7
12
9
6
5
2
1
0
0
0
0
0
0
0
0
1
1
1
7
15
14
21
25
23
21
19
21
18
17
17
17
16
21
24
23
21
20
17
38
35
33
32
31
30
28
27
24
22
21
19
17
15
13
13
10
7
8
5
3
1
0
0
1
0
2
1
0
1
2
2
0
1
0
7
8
11
12
9
10
9
8
6
4
2
2
1
1
0
1
3
2
0
1
0
1
10
9
7
5
4
3
1
0
1
1
1
0
0
0
1
1
1
0
1
2
0
0
0
0
1
0
0
0
0
0
2
0
1
0
0
0
0
1
0
5
4
2
0
1
0
1
0
1
0
0
0
0
0
0
0
1
1
3
4
7
10
12
10
9
7
6
4
1
0
0
0
0
0
0
0
1
0
1
0
0
0
0
0
0
0
0
0
0
0
0
1
1
0
0
2
1
0
2
3
18
15
14
12
10
10
7
4
1
0
0
0
0
1
0
0
0
0
1
0
1
0
0
0
2
3
5
3
2
0
0
1
0
6
7
5
2
0
0
0
0
0
0
0
0
0
0
0
0
0
0
0
0
0
0
0
5
3
2
1
2
0
1
0
0
0
0
2
1
1
1
0
1
1
0
0
1
4
18
27
25
23
21
20
19
17
15
20
27
34
32
32
31
30
28
25
23
26
23
20
17
15
12
9
6
3
0
0
0
0
0
0
0
0
0
2
2
1
1
1
0
0
0
0
0
0
1
0
0
0
0
0
0
0
0
0
0
0
0
0
0
0
0
0
0
0
0
0
0
1
0
0
0
0
0
0
0
0
3
14
13
10
7
4
1
0
0
0
0
0
0
0
0
0
1
1
0
1
0
1
0
0
0
2
1
0
0
1
0
0
3
2
0
0
0
0
0
1
5
4
2
0
0
0
0
0
0
2
0
0
1
0
1
0
0
2
0
0
0
2
0
1
0
0
0
0
0
0
2
1
0
1
0
0
0
0
2
0
0
0
0
0
1
5
3
0
0
1
0
0
0
0
2
1
0
3
2
0
1
1
0
0
0
0
3
3
1
0
0
0
2
1
0
0
0
0
0
0
0
0
0
2
0
0
0
0
0
0
0
6
4
1
0
0
0
9
20
18
19
17
15
14
12
10
8
6
4
2
0
0
0
0
0
0
0
1
1
0
0
0
1
0
1
0
0
1
0
0
0
0
4
4
1
0
1
9
14
21
24
22
20
19
17
15
13
11
9
8
6
4
2
0
0
2
0
0
5
8
7
10
8
6
3
8
7
5
3
1
0
0
0
0
0
0
0
0
0
0
0
0
2
1
0
6
4
1
2
1
2
1
1
1
0
0
0
0
0
0
26
27
26
25
23
21
20
18
16
14
12
10
9
7
5
3
3
1
0
0
3
4
7
5
2
1
6
5
2
0
0
0
0
0
0
0
0
0
0
0
0
0
0
0
0
0
10
9
7
9
7
5
3
0
0
0
0
0
0
0
0
0
0
0
0
0
0
0
0
0
0
0
0
0
1
5
4
2
0
0
1
1
0
0
0
0
0
0
0
0
0
0
0
0
0
0
0
0
0
0
0
0
0
0
0
0
0
0
0
2
0
0
0
0
0
0
0
0
0
1
0
0
0
0
0
0
0
0
0
0
0
0
0
0
0
0
0
4
3
12
10
7
4
1
0
0
0
0
0
0
0
0
0
0
0
0
0
0
3
2
0
0
0
0
3
2
0
0
0
0
0
0
3
4
1
0
0
0
0
1
2
3
1
0
0
0
0
0
0
0
0
0
0
1
2
1
1
17
29
27
25
23
21
20
19
17
15
13
11
10
14
12
10
8
6
3
0
1
1
0
0
0
6
4
1
0
1
0
0
0
0
0
1
1
0
0
0
0
0
0
0
0
0
0
0
0
0
0
0
0
0
0
0
0
0
0
0
2
0
0
1
1
1
0
0
0
0
0
0
0
0
0
0
0
0
0
0
0
0
0
0
0
0
0
2
1
0
0
0
1
0
0
0
0
1
0
0
2
0
0
0
0
0
0
2
2
1
0
0
1
0
2
0
0
6
4
2
0
1
4
5
5
3
1
1
0
0
1
0
1
0
0
1
0
1
1
1
2
1
0
2
2
2
0
0
3
2
1
0
0
1
1
0
3
1
0
1
3
1
0
1
0
1
0
1
0
0
1
0
1
0
1
0
1
0
1
0
1
0
0
0
1
0
0
1
1
0
0
1
0
2
0
0
0
1
0
1
0
3
1
0
0
0
0
0
0
0
0
0
0
0
0
0
0
0
2
1
2
0
0
0
0
27
38
36
33
32
32
29
26
26
25
23
20
20
20
17
20
17
14
11
8
5
2
0
0
0
0
3
1
0
1
0
1
10
9
14
12
16
22
22
22
21
21
22
21
20
18
23
22
27
28
38
41
43
52
70
89
105
123
124
127
127
125
123
121
119
119
129
131
129
133
139
138
142
141
141
138
141
141
141
138
135
134
134
133
131
128
125
124
121
118
115
112
114
111
108
106
103
100
98
95
92
89
86
83
80
77
75
73
76
74
72
70
69
68
76
74
71
68
66
63
60
57
54
51
48
49
46
44
41
38
37
40
37
34
31
28
25
22
22
24
26
27
24
21
20
19
21
19
16
13
11
9
7
5
3
1
0
0
0
0
0
0
0
0
0
0
3
4
1
0
4
5
2
6
4
1
0
0
0
0
0
0
1
0
0
0
0
0
1
3
2
0
1
6
5
3
1
0
2
0
3
8
5
3
1
0
2
2
1
0
0
0
0
0
0
0
0
0
3
1
0
0
1
1
0
1
1
4
7
10
8
7
5
4
3
5
13
12
10
8
6
4
3
1
0
0
0
0
0
0
0
0
2
1
0
0
0
2
0
0
0
0
0
0
0
4
8
6
4
2
0
0
0
0
0
0
1
1
0
0
0
0
0
0
0
0
0
0
0
0
0
0
0
0
0
0
0
0
2
1
6
5
3
1
1
0
0
1
1
2
0
0
1
2
4
4
4
6
5
3
4
3
1
2
1
3
1
0
0
0
0
2
0
0
2
0
0
0
0
0
0
0
0
2
1
13
26
29
27
27
25
24
22
20
18
16
14
13
12
11
9
7
6
5
4
2
4
3
4
4
1
