0
1
0
0
2
6
13
11
9
7
5
10
8
6
3
0
0
0
6
4
3
1
0
0
0
0
0
0
0
0
0
0
0
8
6
4
1
0
0
0
0
0
0
0
7
5
3
1
0
6
5
15
20
20
23
26
23
22
21
19
18
18
17
17
15
12
9
8
7
5
2
0
2
1
2
1
0
2
1
0
0
0
0
0
0
0
4
16
13
10
9
6
3
1
6
6
10
8
6
3
0
0
3
1
0
2
1
0
4
4
2
2
1
0
0
1
0
0
3
7
7
5
3
0
0
0
0
0
0
0
0
0
0
0
0
0
0
0
0
0
1
2
0
0
0
0
0
0
0
0
0
0
0
0
0
0
0
0
0
0
0
3
2
3
1
0
1
0
0
2
2
0
0
0
0
1
1
1
0
0
1
2
0
1
1
0
0
0
11
11
8
6
3
1
0
0
0
0
0
0
0
0
0
0
0
0
5
13
10
7
5
2
0
2
7
5
6
10
7
5
10
12
10
7
5
3
10
8
9
9
6
4
4
1
0
9
7
5
3
6
8
5
4
1
2
1
0
0
3
1
0
0
1
10
9
7
5
3
1
0
0
0
0
0
1
5
4
3
2
0
0
0
0
2
1
0
0
0
11
18
16
14
12
11
11
9
8
6
4
2
3
1
0
0
2
0
0
0
0
0
6
4
1
0
5
11
10
9
8
6
8
7
5
4
3
1
0
0
0
0
0
0
0
0
0
0
0
0
0
0
0
0
0
0
0
0
1
1
5
3
0
0
0
0
0
0
0
0
0
0
4
2
0
1
1
0
0
0
0
0
0
0
2
0
0
0
0
0
0
0
0
0
3
4
1
1
0
3
2
0
0
0
0
0
3
2
0
1
0
0
0
0
0
0
0
0
0
0
0
1
1
2
0
0
0
0
0
0
0
0
4
3
1
0
0
3
1
1
0
0
0
0
0
0
0
0
0
4
4
3
1
0
0
0
0
0
0
0
0
0
0
1
1
2
0
0
0
1
0
6
4
1
0
0
0
0
1
1
0
0
1
0
0
1
0
0
0
0
0
0
0
2
0
0
2
1
1
2
0
2
1
1
0
2
2
1
1
1
1
7
8
8
6
3
1
0
0
0
0
4
7
5
2
0
1
2
1
0
1
3
4
1
0
2
1
2
0
0
0
4
9
8
6
4
3
2
4
2
0
1
5
7
5
3
1
0
0
0
0
0
0
1
15
14
12
12
10
8
7
5
4
2
0
0
0
0
0
0
0
0
0
4
3
1
4
3
1
0
0
10
10
8
5
4
2
0
0
0
0
0
0
0
0
0
0
0
0
0
12
16
13
10
7
4
4
5
2
0
4
3
1
0
0
0
3
1
1
0
0
0
0
0
2
0
0
0
0
0
0
0
0
0
0
0
0
0
0
0
0
0
0
0
0
0
0
0
0
0
0
0
9
7
5
3
0
0
9
7
4
3
0
9
7
14
14
11
8
6
4
1
0
2
0
0
0
0
0
0
0
2
1
0
1
0
0
0
0
0
0
0
0
3
1
0
0
0
0
0
0
1
0
1
0
0
3
4
1
0
0
0
0
0
0
2
2
2
4
4
3
2
2
2
7
9
8
8
6
3
0
1
15
19
25
27
31
28
25
22
19
16
13
11
13
11
8
5
4
7
4
3
3
3
0
0
2
0
6
5
2
0
0
3
1
0
0
0
0
0
0
0
0
0
0
2
1
0
9
10
9
8
7
5
3
1
1
1
5
9
15
13
10
7
6
5
4
2
0
0
0
0
0
0
0
0
1
0
0
7
6
4
3
7
21
20
18
16
16
16
14
12
10
7
4
2
0
0
0
0
0
1
4
3
1
0
0
0
0
0
0
0
0
6
6
4
2
11
11
13
19
17
15
16
13
11
9
7
6
5
4
2
0
2
0
0
0
0
0
0
0
0
0
0
0
0
0
0
0
0
0
0
0
5
4
2
0
0
0
1
0
0
0
0
0
0
0
0
0
0
0
0
1
0
0
0
4
2
2
2
1
0
0
0
0
0
1
1
2
2
1
0
2
1
0
0
0
0
0
1
2
3
1
0
0
0
0
0
1
6
5
3
2
1
1
2
1
4
6
4
2
2
1
0
0
0
0
0
0
0
0
0
0
0
1
3
2
1
1
3
1
0
1
0
0
0
3
3
0
0
6
6
3
0
0
0
0
2
1
0
0
0
2
1
1
0
0
0
0
0
0
0
0
2
2
1
1
0
1
0
0
0
1
1
6
6
5
3
1
0
0
0
0
1
10
12
16
14
12
10
10
9
7
5
3
1
6
4
1
0
0
0
1
0
0
0
0
0
1
5
4
2
0
7
11
8
6
8
19
20
18
16
20
19
18
22
20
17
14
19
21
18
16
29
27
25
23
25
22
20
18
18
16
14
13
11
8
6
3
1
2
3
1
3
4
3
2
2
0
0
0
0
1
0
0
0
0
0
0
0
0
0
0
0
0
0
0
0
0
0
0
0
0
0
0
0
0
0
0
0
0
0
0
0
0
6
4
7
4
1
0
0
0
0
1
0
0
0
1
0
0
3
1
1
1
1
2
6
5
6
5
8
8
5
4
2
0
0
0
0
0
0
0
0
1
4
3
0
0
0
0
0
3
2
1
0
0
0
0
0
0
0
0
0
0
0
1
2
7
11
14
11
9
7
6
3
0
1
0
1
6
6
8
11
18
20
22
19
17
14
12
10
8
5
2
0
0
0
0
0
0
0
0
0
0
1
0
0
0
0
0
0
0
9
12
21
29
27
26
27
25
31
30
29
27
32
30
28
27
24
22
21
28
26
23
21
18
18
15
12
10
8
7
10
9
6
4
3
1
0
1
1
0
3
1
0
0
0
0
2
0
0
0
1
2
0
0
0
0
1
0
0
2
13
13
11
9
7
5
4
2
1
0
0
0
1
0
0
0
0
0
0
0
0
0
0
0
0
0
0
1
4
3
0
1
0
0
1
3
5
7
5
8
5
3
1
0
2
0
0
1
0
2
4
2
0
0
0
0
0
0
0
0
1
0
0
4
3
1
0
0
0
0
0
0
3
9
7
4
3
0
0
0
0
0
0
0
0
0
1
4
5
2
1
0
0
1
1
0
3
1
0
0
0
1
0
0
1
0
0
0
0
3
7
5
4
2
0
0
0
0
3
1
0
0
0
0
0
0
0
0
2
2
1
3
3
2
3
3
0
0
0
0
1
0
0
2
1
0
0
3
1
0
2
1
3
5
3
0
2
0
0
0
1
0
0
0
1
1
4
2
1
0
0
0
0
0
0
0
0
0
0
2
0
0
0
0
0
0
0
0
0
0
0
0
2
2
2
0
0
0
0
2
0
0
0
0
0
2
0
2
5
3
3
5
7
5
14
22
20
20
20
17
15
13
12
9
10
8
15
12
21
18
17
14
21
19
17
17
16
22
20
19
20
19
18
15
13
10
15
14
12
10
7
4
3
1
0
0
0
0
0
0
0
0
1
2
1
0
0
0
0
0
0
0
0
0
0
0
0
0
1
4
13
11
11
9
7
6
4
2
0
0
0
0
0
0
0
0
0
0
0
0
0
0
0
0
0
0
1
1
0
0
0
0
0
0
0
0
0
1
5
4
2
0
0
0
0
0
0
0
0
0
0
0
0
0
2
2
1
0
0
0
0
4
3
1
0
0
1
0
0
0
0
0
0
0
3
1
0
0
0
0
0
0
2
0
0
0
0
0
0
0
0
0
0
0
0
0
0
0
0
0
0
0
0
0
2
1
2
7
5
3
0
0
8
6
4
1
0
2
0
8
6
10
7
4
3
3
0
0
0
1
0
0
0
0
0
0
0
0
1
0
0
0
6
4
1
0
6
4
1
0
0
0
0
0
0
0
0
0
0
0
0
0
0
1
1
2
0
0
0
0
0
0
1
1
0
0
0
0
0
0
0
0
0
0
0
0
0
0
2
1
0
0
0
0
0
0
0
0
0
0
0
0
0
1
0
1
0
0
0
0
0
0
0
0
0
0
0
0
0
0
0
0
0
0
1
0
1
1
0
1
0
0
0
0
0
0
0
0
0
0
0
0
0
0
0
0
0
0
0
0
1
0
0
0
3
4
2
1
0
0
0
0
0
0
0
0
0
0
1
1
0
0
1
3
2
0
0
0
0
0
2
0
0
0
0
0
0
0
0
0
0
0
0
0
0
0
0
1
8
10
13
11
21
21
20
18
16
14
12
10
9
7
5
3
1
1
0
10
15
12
9
6
3
0
0
0
0
0
0
0
0
0
3
1
0
0
0
0
0
0
1
3
2
0
0
0
0
2
0
1
5
4
2
0
0
0
0
0
0
3
1
3
2
0
0
0
0
1
1
0
0
1
1
0
0
0
0
0
0
2
0
0
0
0
2
1
0
0
0
0
0
7
11
8
5
3
1
1
2
0
0
0
0
0
0
0
0
0
0
0
0
1
0
0
0
0
0
0
5
4
4
2
0
0
0
0
0
1
5
3
0
0
0
8
6
4
1
8
12
10
7
11
21
19
16
21
35
33
38
35
33
30
28
26
24
21
20
17
16
13
11
8
5
3
0
0
0
0
0
0
0
0
0
2
1
0
0
0
0
2
0
2
2
0
0
0
0
0
0
0
0
0
0
0
0
0
0
0
1
1
2
0
0
0
0
0
0
0
3
8
6
5
3
1
0
0
0
0
0
1
0
0
0
0
1
3
2
0
0
0
0
2
0
0
0
6
6
3
0
4
3
1
0
5
8
5
2
0
6
4
1
0
1
5
9
6
3
0
0
0
0
1
18
30
28
26
25
23
22
20
19
17
15
13
12
10
8
6
4
2
0
0
1
6
5
2
0
1
6
4
1
0
14
13
11
9
7
5
4
2
0
0
0
0
1
4
3
1
2
1
0
0
0
0
0
1
0
1
1
2
0
0
1
0
0
2
1
0
3
3
1
0
1
0
2
1
0
0
0
0
0
0
0
0
3
8
7
5
3
1
0
4
9
10
8
6
4
4
3
1
2
1
0
0
0
0
0
2
1
0
0
2
2
0
0
0
0
0
0
2
1
2
1
1
0
0
1
0
0
0
0
0
0
0
0
0
0
0
0
0
0
0
0
0
0
4
2
0
0
0
1
2
1
0
0
0
0
0
0
0
3
1
0
0
0
0
1
1
0
0
0
1
0
0
1
0
2
2
2
0
0
0
0
0
0
0
0
1
0
0
1
0
0
0
5
3
1
0
0
0
0
0
0
0
0
1
0
1
0
1
2
0
0
0
0
0
0
0
0
1
1
1
2
1
0
0
0
0
2
1
0
3
3
1
1
0
0
0
0
0
0
0
0
1
0
2
1
0
0
3
1
5
11
16
28
38
36
33
32
31
29
27
25
23
21
21
19
18
15
13
13
11
12
10
8
6
4
3
2
2
1
2
1
0
0
0
0
3
2
0
2
1
0
0
0
0
0
0
2
1
2
1
0
0
0
0
3
3
1
2
6
5
3
1
3
2
2
1
0
0
0
0
11
17
16
18
15
15
13
11
10
9
9
14
13
11
9
18
20
19
18
15
15
20
22
19
17
21
35
35
32
31
30
31
28
26
26
27
28
28
26
24
22
20
19
17
15
13
13
10
7
5
3
2
0
2
1
2
3
1
0
2
7
6
4
4
2
3
1
1
0
2
1
2
3
2
1
0
2
4
2
2
1
1
1
0
0
6
4
4
2
7
13
11
9
7
5
5
5
2
4
3
3
1
0
0
2
1
0
2
1
0
0
0
6
4
3
1
0
1
1
0
0
0
0
0
1
0
2
1
11
9
14
12
10
16
14
21
18
18
16
13
11
10
11
10
11
12
12
18
21
20
18
15
13
13
19
21
18
16
14
12
9
7
4
2
2
3
1
0
2
1
0
0
0
0
2
1
0
2
1
2
7
5
4
8
7
6
4
2
1
2
17
30
61
81
89
98
106
111
122
129
141
151
163
174
184
190
199
200
202
208
209
210
213
219
222
226
224
225
225
231
232
232
233
237
242
243
244
244
246
247
255
255
255
257
268
274
278
280
283
283
281
284
285
286
289
292
298
297
298
305
305
307
311
313
314
316
320
320
318
321
319
318
316
314
314
312
310
311
309
307
307
305
303
302
300
298
298
296
297
296
294
292
290
288
286
285
284
283
283
281
281
280
278
276
274
272
270
269
269
267
265
265
263
262
261
259
257
276
275
277
276
274
272
270
268
267
267
266
264
264
262
261
259
257
255
253
253
251
250
248
247
245
244
242
243
241
241
239
237
235
233
231
228
228
227
226
224
222
221
219
223
221
221
219
218
217
215
213
212
210
211
211
210
210
208
206
205
203
201
201
200
199
197
194
192
189
189
187
187
185
184
182
180
180
178
178
176
174
174
173
171
169
167
166
164
170
172
170
171
170
169
168
166
165
165
163
165
164
169
173
173
173
171
178
179
182
185
184
182
180
178
177
175
175
181
182
181
179
177
175
173
171
169
167
165
164
162
160
158
156
154
152
149
146
144
141
144
142
150
152
161
162
160
165
169
167
165
163
161
159
158
155
153
152
149
148
146
145
143
141
139
137
135
134
133
131
130
127
125
130
127
125
122
120
118
116
114
113
111
109
106
103
101
99
97
98
99
97
94
91
91
89
87
85
83
81
79
84
84
81
80
77
74
80
78
84
82
81
79
77
75
73
71
70
69
69
68
66
67
70
67
64
70
67
65
62
59
56
54
53
51
49
46
43
41
38
35
33
30
28
25
25
22
21
18
15
13
11
9
6
3
1
0
0
0
0
2
4
1
0
0
0
0
0
5
3
2
1
0
0
1
0
0
0
0
0
0
0
6
4
8
5
2
0
0
0
0
1
1
2
0
0
0
0
3
1
0
0
0
6
4
1
0
0
0
0
2
3
1
2
1
0
4
20
19
19
16
13
10
7
5
2
0
0
0
0
0
0
1
0
0
0
0
0
0
2
1
0
0
0
0
0
0
0
0
0
4
2
0
0
4
3
1
0
0
0
1
1
0
0
0
0
0
0
0
0
4
3
1
0
0
0
0
0
0
0
0
0
0
20
31
30
29
28
27
25
24
23
21
20
20
19
18
17
16
14
14
13
13
12
13
11
9
11
9
10
9
8
6
4
2
0
0
0
0
0
0
0
0
0
0
1
1
0
0
2
0
0
0
0
0
3
7
7
5
3
7
5
2
0
0
0
9
8
6
4
2
0
0
1
0
0
0
2
2
0
0
0
0
0
0
0
0
0
0
0
0
0
0
0
0
0
2
0
0
0
0
0
4
3
1
0
0
0
0
1
0
1
0
0
1
1
2
0
1
1
0
2
0
0
1
0
0
1
0
1
0
0
1
1
1
0
1
0
1
0
3
2
0
1
1
1
0
0
3
1
2
2
2
2
2
2
0
0
0
0
0
3
1
1
1
1
1
1
1
0
0
0
0
0
0
0
0
0
0
0
0
0
0
4
3
2
0
0
0
1
0
0
0
0
0
0
0
0
0
0
0
0
0
0
0
0
3
2
1
2
2
9
10
8
5
2
1
7
25
28
26
25
22
20
24
23
22
20
19
18
16
16
16
18
16
14
12
9
7
5
2
1
0
2
6
5
2
0
1
0
1
0
0
0
0
0
0
0
0
4
3
0
2
0
0
0
4
10
9
6
5
2
1
0
0
0
0
0
0
0
0
1
1
0
6
9
15
16
25
24
22
20
21
19
17
17
18
16
19
24
23
21
21
18
39
36
35
33
32
31
30
28
26
23
22
20
19
17
15
13
14
12
9
7
5
3
0
0
3
1
0
1
0
4
2
0
1
0
5
7
10
11
9
8
8
7
5
3
1
1
2
0
1
1
0
3
2
1
0
1
0
1
10
10
7
5
4
4
1
1
0
2
0
0
0
1
1
1
0
1
2
0
0
0
0
1
0
0
0
2
0
0
1
0
0
0
1
0
5
4
2
0
1
0
1
0
1
0
0
0
0
0
0
1
1
4
5
9
14
13
11
10
9
6
4
1
0
0
0
0
0
0
0
1
1
0
0
0
0
0
0
0
0
0
0
0
0
0
1
1
0
0
2
1
0
2
3
17
15
14
12
10
10
7
4
1
0
0
0
0
1
0
0
0
0
1
0
1
0
0
0
2
6
5
3
2
0
0
1
4
6
5
2
0
0
0
0
0
0
0
0
0
0
0
0
0
0
0
0
0
0
0
0
4
3
1
1
3
1
1
0
0
0
0
1
0
1
0
2
1
0
0
1
8
21
27
25
23
21
20
19
17
15
26
32
34
34
33
32
30
28
25
28
26
23
20
17
15
12
9
6
3
0
0
0
0
0
0
0
0
0
2
2
0
1
1
0
0
0
0
0
1
0
0
0
0
0
0
0
0
0
0
0
0
0
0
0
0
0
0
0
0
0
0
0
0
1
0
0
0
0
0
0
0
0
16
16
13
10
7
4
1
0
0
0
0
0
0
0
1
0
1
0
1
0
0
0
2
1
0
0
1
0
0
0
4
2
0
0
0
1
2
4
2
0
0
0
0
0
0
1
1
0
1
1
0
0
0
1
0
0
0
1
1
0
0
0
0
0
0
2
1
0
0
0
0
0
2
0
0
0
0
0
0
0
6
4
1
0
0
0
1
0
0
0
0
2
1
0
3
2
0
2
0
0
0
0
3
3
1
0
0
2
0
1
0
0
0
0
0
0
0
0
2
0
0
0
0
0
0
0
6
4
1
0
0
15
20
21
19
17
15
14
12
10
8
6
4
2
0
0
0
0
0
2
0
0
0
0
1
0
1
0
0
1
0
0
0
0
6
4
1
1
9
14
22
24
22
20
19
17
15
13
11
9
8
6
4
2
0
2
0
0
2
7
8
5
8
6
4
6
7
5
3
2
0
0
0
0
0
0
0
0
0
0
0
0
0
2
1
0
6
4
1
2
1
2
1
1
1
0
0
0
0
0
0
26
27
26
25
23
21
20
18
16
14
12
10
9
7
5
5
3
1
0
6
4
7
5
3
7
5
2
0
0
0
0
0
0
0
0
0
0
0
0
0
0
0
0
0
0
0
10
9
7
6
7
5
3
0
0
0
0
0
0
0
0
0
0
0
0
0
0
0
0
0
0
0
0
0
5
4
2
0
0
1
1
0
0
0
0
0
0
0
0
0
0
0
0
0
0
0
0
0
0
0
0
0
0
0
0
0
0
2
0
0
0
0
0
0
0
1
0
0
0
0
0
0
0
0
0
0
0
0
0
0
0
0
5
6
12
9
6
3
0
0
0
0
0
0
0
0
0
0
0
0
2
2
0
0
0
2
2
0
0
0
0
0
0
0
6
4
1
0
0
0
1
1
3
2
0
0
0
0
0
0
0
0
0
0
0
2
2
1
15
29
27
25
23
21
21
19
17
15
13
11
10
14
12
10
8
6
3
0
1
1
0
0
6
4
1
0
1
0
0
0
0
0
1
1
0
0
0
0
0
0
0
0
0
0
0
0
0
0
0
0
0
0
0
0
0
0
1
1
0
1
2
0
0
0
0
0
0
0
0
0
0
0
0
0
0
0
0
0
0
2
1
0
0
0
0
1
0
0
0
0
0
1
0
0
2
0
0
0
0
0
0
0
1
3
1
1
0
0
1
1
1
0
3
4
2
0
0
3
4
6
4
2
1
0
0
1
0
1
0
0
1
0
1
1
1
2
1
0
2
2
2
0
0
3
2
1
0
1
0
1
2
1
0
1
2
1
0
1
0
1
0
0
1
0
1
0
1
0
1
0
0
1
0
0
1
0
1
0
0
0
0
1
0
1
0
1
0
0
1
0
0
2
0
0
0
1
0
0
1
2
1
0
0
0
0
0
0
0
0
0
0
0
0
0
0
0
0
0
0
0
1
1
2
0
0
0
0
0
22
38
36
33
30
31
29
26
23
23
22
20
17
17
17
15
17
14
11
8
5
2
0
0
0
0
0
3
1
0
1
0
1
10
9
14
12
19
22
22
22
21
21
22
22
20
20
23
25
27
35
41
45
43
57
80
98
112
125
126
128
127
125
123
121
120
122
131
131
135
137
140
144
142
143
141
143
143
143
141
138
135
135
136
133
131
128
126
124
121
118
115
112
114
111
108
106
103
100
98
95
92
89
86
83
80
77
76
73
76
74
72
70
70
78
76
74
71
68
66
63
60
57
54
51
52
49
46
44
41
40
40
40
37
34
31
28
25
22
25
29
29
27
24
21
22
24
21
19
16
13
11
9
7
5
3
1
0
0
0
0
0
0
0
0
0
1
5
3
0
2
5
3
6
4
1
0
0
0
0
0
0
1
0
0
0
0
0
0
4
3
1
1
6
5
3
1
0
2
0
2
4
6
3
1
1
2
2
1
0
0
0
0
0
0
0
0
0
2
1
0
0
0
1
1
1
1
2
6
5
8
7
5
4
2
2
12
11
10
8
6
5
3
1
0
0
0
0
0
0
0
0
0
2
1
0
0
2
0
0
0
0
0
0
0
0
9
8
6
4
2
0
0
0
0
0
0
1
1
0
0
0
0
0
0
0
0
0
0
0
0
0
0
0
0
0
0
0
1
1
1
6
5
3
1
1
0
0
2
1
1
0
0
3
4
3
4
6
6
4
3
3
2
2
1
3
1
0
0
0
0
2
0
0
2
0
0
0
0
0
0
0
0
0
3
11
24
30
28
28
26
24
23
21
19
17
15
13
13
12
10
8
6
5
6
3
1
4
4
7
5
2
