1
0
2
15
14
13
18
17
16
21
21
20
19
18
17
16
23
22
21
20
19
18
23
24
29
50
53
59
59
59
62
63
62
64
63
64
64
64
63
62
60
59
71
75
73
72
81
85
84
86
85
86
87
89
90
89
89
91
98
97
96
95
93
92
91
90
89
87
89
88
87
87
85
84
82
81
79
78
80
82
81
81
82
81
80
79
80
79
81
82
81
82
92
91
90
88
87
85
84
83
97
96
95
94
101
109
108
119
117
118
126
128
127
128
135
134
143
141
142
140
140
141
141
150
149
148
147
146
145
150
150
150
148
149
148
152
166
165
167
167
165
165
166
165
166
165
166
168
167
178
179
182
182
183
182
181
179
178
177
176
174
173
172
171
176
175
174
173
171
170
173
171
172
170
169
167
168
167
166
165
163
168
166
166
169
168
166
169
168
167
166
165
164
163
161
164
163
162
161
159
162
161
164
163
162
160
159
157
156
162
162
161
160
158
157
157
158
158
157
156
161
159
158
159
158
158
157
156
155
153
153
154
153
154
156
157
158
159
160
160
161
167
172
172
173
172
171
176
177
176
176
177
177
179
180
179
181
182
181
191
190
189
189
192
191
196
199
198
197
196
195
203
209
210
209
208
208
208
208
207
206
205
205
207
211
210
209
219
218
219
218
216
215
213
212
212
211
222
227
226
227
230
229
232
231
230
232
232
231
230
231
230
229
228
227
225
224
223
221
220
218
217
216
215
214
221
220
219
221
225
224
231
240
241
240
238
237
237
236
235
234
235
235
234
233
232
231
232
231
229
228
227
226
227
225
230
229
228
226
227
230
234
237
239
249
252
251
255
270
282
287
286
284
289
289
287
294
294
297
298
297
303
301
303
302
300
299
297
296
297
297
306
306
306
305
305
310
314
321
319
319
319
318
317
316
315
315
320
322
330
342
343
342
341
340
339
338
337
342
341
340
339
338
337
342
343
344
354
358
363
364
363
362
362
362
362
362
361
361
359
358
357
357
356
355
354
353
352
355
355
354
353
353
352
352
351
349
348
347
347
346
344
347
349
349
348
347
346
346
347
348
347
348
347
345
344
343
346
345
344
343
347
347
347
346
348
349
353
351
352
350
349
348
347
345
344
343
345
347
349
350
349
348
347
350
349
355
353
352
351
353
352
352
353
352
351
349
348
348
350
349
348
348
347
347
351
354
354
354
352
351
358
369
368
367
367
366
364
370
369
367
366
365
364
363
362
366
364
373
374
381
394
392
397
396
401
399
410
409
425
424
428
428
428
427
426
425
425
427
432
432
432
431
431
429
428
426
425
424
423
422
421
419
418
416
415
413
412
410
409
413
418
416
415
414
413
412
411
410
411
410
411
412
417
418
423
424
424
423
421
420
418
417
420
421
419
418
418
420
418
417
415
414
412
411
409
411
422
427
426
426
425
425
431
436
448
457
456
455
454
454
452
451
450
449
448
447
446
446
445
444
442
441
440
451
467
473
476
475
483
483
490
489
490
488
498
496
495
495
494
494
498
497
496
496
496
498
497
496
497
496
499
498
497
497
501
511
510
509
508
507
507
506
505
503
502
501
500
499
503
503
503
503
509
512
514
513
513
513
514
517
516
515
515
515
514
518
517
516
515
517
524
524
523
522
521
520
520
525
524
523
524
526
525
524
524
524
524
526
530
529
528
529
529
528
527
526
527
526
531
534
534
533
533
532
533
532
535
536
538
540
541
539
539
539
540
543
541
540
540
539
538
539
537
536
535
534
533
533
536
536
534
535
534
533
534
540
540
545
552
568
571
572
570
571
573
582
591
596
599
599
606
611
612
611
618
616
615
614
613
611
610
608
608
610
609
608
607
606
604
603
603
611
615
615
614
613
611
610
609
608
607
606
605
605
604
605
604
603
602
601
601
605
604
603
602
602
601
600
603
602
601
602
604
603
603
601
600
601
601
601
600
599
600
599
598
596
595
593
592
590
589
588
586
586
588
594
593
595
599
599
600
607
612
611
614
613
613
612
611
610
609
608
609
611
614
615
613
612
610
609
607
606
605
607
606
604
603
604
602
601
599
598
596
595
593
594
593
592
591
590
589
589
588
588
588
587
586
585
584
582
581
580
578
577
577
577
577
576
575
574
573
572
571
570
570
569
568
567
567
568
569
568
567
566
564
563
562
562
562
564
562
561
562
561
560
559
557
556
556
555
555
565
569
582
581
580
578
577
576
575
591
590
589
588
586
585
583
585
583
582
580
580
583
582
581
581
581
585
584
582
581
583
585
584
583
582
581
581
580
580
579
578
579
578
577
578
577
576
583
587
588
589
588
586
585
583
582
581
581
579
578
582
582
581
581
580
584
583
589
588
594
599
604
616
629
640
646
645
643
642
641
640
640
639
638
637
636
635
636
635
635
637
636
635
634
633
631
630
629
628
627
626
626
626
626
625
624
622
632
631
630
629
627
626
626
625
624
626
625
624
623
623
622
627
627
631
630
629
638
637
636
641
640
640
650
649
648
647
647
676
676
676
675
674
673
672
671
670
669
667
668
673
672
678
677
676
689
688
688
687
686
685
684
684
687
688
687
686
685
685
685
685
686
685
684
686
685
687
687
686
687
686
685
685
684
684
691
690
689
690
700
700
699
701
702
700
699
698
699
698
699
699
698
697
698
699
698
697
696
696
695
693
692
691
690
688
687
686
686
688
687
686
686
687
686
685
683
682
684
683
682
683
682
682
682
682
682
684
685
683
683
682
681
681
681
680
681
682
681
680
679
678
678
677
677
679
678
676
675
674
673
675
676
675
674
674
674
675
676
676
675
674
673
672
671
671
672
671
672
677
690
710
714
714
712
711
710
710
709
708
709
707
709
708
706
709
709
709
708
710
710
711
710
708
709
707
708
707
706
708
707
709
713
711
714
714
713
712
711
729
730
731
733
732
733
742
741
740
753
754
755
759
766
765
771
788
789
794
793
792
799
801
800
799
799
800
799
800
798
797
798
797
799
798
805
805
807
807
807
808
808
811
810
810
813
813
814
815
815
813
820
819
832
831
830
830
830
833
835
834
835
834
835
834
839
840
839
840
839
838
839
840
850
856
864
867
874
873
873
875
880
888
893
892
893
905
904
903
901
900
904
904
903
901
900
901
901
900
903
907
914
915
914
913
923
952
997
1018
1032
1047
1068
1091
1111
1128
1137
1144
1150
1162
1169
1171
1181
1185
1195
1199
1203
1205
1215
1219
1232
1244
1250
1252
1257
1260
1267
1276
1280
1289
1297
1302
1308
1309
1312
1311
1312
1311
1312
1313
1312
1311
1312
1315
1314
1313
1311
1312
1313
1314
1313
1313
1312
1313
1313
1312
1312
1311
1331
1334
1334
1333
1332
1334
1335
1334
1333
1332
1333
1334
1335
1334
1335
1337
1336
1335
1334
1335
1336
1335
1334
1335
1339
1340
1340
1339
1339
1338
1341
1343
1342
1341
1340
1341
1343
1342
1340
1341
1341
1340
1339
1339
1340
1339
1339
1337
1337
1344
1346
1349
1349
1349
1350
1352
1364
1365
1369
1381
1386
1385
1384
1383
1392
1395
1394
1393
1392
1391
1390
1388
1387
1386
1385
1384
1383
1388
1400
1412
1413
1424
1423
1421
1420
1418
1418
1418
1417
1415
1414
1414
1414
1413
1419
1418
1417
1415
1415
1414
1412
1411
1409
1414
1413
1412
1412
1411
1410
1408
1415
1416
1416
1422
1429
1428
1426
1425
1424
1425
1425
1423
1430
1429
1435
1434
1433
1431
1430
1429
1427
1426
1425
1423
1422
1423
1423
1422
1421
1421
1419
1418
1417
1416
1416
1420
1419
1418
1417
1422
1423
1422
1422
1421
1419
1419
1417
1422
1428
1427
1425
1425
1427
1426
1425
1425
1426
1425
1430
1429
1428
1427
1425
1428
1430
1430
1450
1455
1454
1453
1453
1452
1451
1450
1449
1449
1448
1447
1445
1447
1446
1444
1443
1441
1440
1439
1444
1443
1447
1445
1444
1444
1443
1442
1440
1439
1441
1440
1438
1437
1436
1434
1433
1448
1466
1465
1465
1464
1464
1465
1466
1466
1466
1467
1469
1471
1473
1476
1477
1476
1475
1474
1473
1472
1471
1470
1470
1470
1469
1471
1470
1469
1472
1478
1477
1482
1481
1480
1488
1487
1486
1486
1486
1485
1485
1485
1484
1482
1481
1479
1478
1477
1476
1474
1473
1471
1472
1472
1471
1474
1473
1472
1471
1471
1471
1470
1470
1472
1472
1473
1474
1473
1472
1473
1473
1473
1473
1473
1473
1473
1475
1475
1476
1476
1478
1479
1482
1483
1486
1485
1485
1487
1486
1487
1489
1489
1489
1488
1487
1486
1485
1484
1483
1487
1486
1485
1485
1484
1482
1481
1482
1481
1480
1480
1479
1479
1481
1482
1485
1497
1496
1496
1518
1525
1525
1526
1531
1530
1530
1532
1538
1539
1538
1538
1538
1539
1543
1543
1543
1543
1542
1541
1540
1539
1542
1543
1543
1542
1541
1548
1552
1551
1551
1550
1549
1548
1547
1547
1547
1557
1563
1577
1576
1578
1577
1580
1581
1591
1590
1590
1612
1611
1611
1611
1611
1611
1611
1611
1611
1610
1612
1612
1612
1611
1613
1613
1616
1616
1615
1625
1632
1635
1635
1635
1635
1637
1637
1639
1640
1639
1639
1650
1651
1652
1653
1653
1654
1653
1653
1654
1653
1655
1654
1653
1653
1652
1651
1652
1652
1651
1650
1650
1654
1652
1653
1653
1652
1651
1650
1649
1648
1650
1655
1665
1670
1670
1671
1670
1670
1669
1668
1666
1666
1666
1665
1664
1663
1663
1662
1662
1662
1662
1663
1665
1683
1683
1682
1684
1683
1682
1681
1680
1681
1680
1679
1679
1678
1678
1677
1678
1682
1681
1681
1681
1686
1688
1686
1685
1684
1683
1682
1681
1680
1679
1677
1676
1675
1674
1677
1678
1679
1679
1678
1677
1678
1678
1678
1679
1678
1678
1695
1706
1704
1704
1703
1714
1724
1726
1726
1724
1729
1727
1726
1724
1723
1721
1720
1719
1718
1717
1716
1719
1718
1718
1717
1716
1714
1714
1712
1711
1709
1708
1706
1705
1703
1703
1702
1700
1700
1699
1698
1697
1696
1700
1711
1711
1710
1709
1708
1707
1706
1707
1707
1707
1706
1707
1705
1705
1703
1705
1706
1704
1703
1707
1706
1705
1704
1703
1702
1703
1703
1703
1702
1703
1702
1704
1704
1703
1702
1701
1702
1703
1701
1700
1701
1699
1698
1697
1702
1701
1700
1700
1699
1698
1699
1701
1701
1702
1701
1700
1702
1704
1703
1704
1704
1703
1702
1701
1700
1701
1700
1699
1698
1699
1702
1701
1699
1719
1721
1720
1719
1718
1717
1717
1716
1715
1714
1713
1714
1713
1712
1712
1712
1711
1711
1711
1709
1711
1713
1712
1721
1732
1739
1737
1736
1735
1735
1734
1733
1731
1730
1730
1729
1737
1738
1742
1741
1748
1747
1746
1745
1744
1743
1742
1741
1740
1739
1738
1740
1744
1743
1744
1744
1743
1744
1743
1741
1740
1764
1766
1767
1766
1764
1763
1762
1761
1760
1759
1760
1760
1765
1770
1769
1776
1775
1774
1773
1772
1771
1770
1769
1769
1768
1767
1776
1775
1777
1776
1775
1774
1773
1772
1770
1769
1768
1766
1765
1764
1763
1766
1767
1766
1765
1765
1764
1763
1762
1761
1759
1758
1757
1756
1756
1754
1753
1752
1751
1750
1749
1748
1749
1749
1748
1747
1746
1746
1744
1743
1741
1740
1739
1738
1737
1736
1735
1734
1750
1749
1748
1747
1746
1745
1744
1743
1742
1741
1743
1742
1741
1743
1742
1741
1740
1745
1744
1743
1743
1744
1746
1745
1744
1743
1742
1741
1740
1742
1743
1760
1771
1770
1769
1770
1769
1768
1767
1772
1771
1770
1769
1769
1769
1768
1773
1773
1773
1772
1771
1770
1771
1770
1769
1768
1767
1766
1765
1765
1764
1763
1762
1761
1760
1761
1761
1762
1761
1760
1759
1759
1758
1757
1756
1755
1754
1753
1752
1753
1752
1751
1751
1751
1750
1750
1751
1750
1749
1748
1747
1750
1750
1749
1750
1751
1756
1755
1756
1764
1763
1763
1763
1762
1762
1762
1763
1766
1765
1768
1768
1770
1770
1770
1770
1772
1772
1774
1774
1774
1775
1774
1775
1774
1774
1774
1774
1774
1773
1772
1772
1772
1773
1773
1772
1773
1772
1772
1772
1774
1773
1772
1771
1770
1770
1769
1768
1767
1767
1768
1769
1768
1776
1807
1806
1810
1810
1814
1814
1819
1823
1822
1821
1820
1819
1818
1820
1820
1825
1837
1842
1851
1852
1856
1857
1863
1867
1885
1893
1923
1959
1986
1992
1991
1991
1995
2008
2016
2023
2029
2031
2038
2041
2040
2045
2045
2045
2044
2043
2047
2046
2045
2044
2043
2043
2042
2041
2046
2045
2045
2055
2054
2053
2052
2051
2054
2054
2053
2060
2059
2058
2057
2063
2070
2070
2073
2077
2076
2076
2075
2074
2073
2072
2071
2070
2069
2071
2073
2074
2078
2084
2083
2082
2081
2081
2080
2079
2078
2081
2080
2086
2085
2085
2086
2088
2094
2094
2095
2096
2095
2094
2093
2092
2094
2094
2093
2094
2094
2101
2108
2108
2109
2112
2122
2123
2124
2124
2123
2122
2121
2119
2119
2119
2118
2118
2117
2116
2115
2122
2122
2121
2121
2120
2119
2120
2119
2118
2117
2116
2115
2114
2113
2112
2112
2111
2112
2117
2116
2116
2115
2116
2116
2118
2122
2127
2128
2130
2132
2136
2135
2134
2135
2134
2135
2134
2133
2132
2133
2147
2164
2166
2165
2164
2163
2162
2162
2162
2162
2163
2166
2169
2170
2170
2169
2168
2167
2166
2165
2164
2163
2162
2161
2160
2159
2159
2158
2157
2156
2155
2154
2153
2152
2151
2150
2149
2148
2148
2147
2145
2144
2143
2142
2141
2140
2139
2137
2136
2134
2133
2132
2131
2130
2129
2129
2128
2127
2126
2125
2124
2123
2122
2121
2120
2119
2118
2117
2116
2115
2114
2113
2113
2112
2111
2110
2109
2108
2107
2106
2105
2104
2103
2102
2102
2101
2100
2099
2098
2096
2095
2094
2093
2092
2091
2090
2089
2089
2088
2087
2086
2085
2084
2083
2082
2081
2080
2079
2078
2077
2076
2075
2074
2074
2073
2072
2071
2070
2069
2068
2067
2066
2065
2064
2063
2063
2062
2061
2060
2059
2058
2057
2056
2055
2054
2053
2052
2052
2051
2050
2049
2048
2047
2046
2045
2044
2043
2042
2041
2041
2039
2038
2037
2036
2035
2034
2033
2032
2031
2030
2029
2028
2027
2026
2025
2025
2024
2023
2022
2021
2020
2019
2018
2017
2016
2015
2014
2014
2013
2011
2010
2009
2007
2006
2004
2003
2002
2001
1999
1998
1996
1995
1993
1992
1990
1990
1989
1988
1987
1986
1985
1984
1983
1982
1981
1980
1979
1978
1977
1976
1975
1974
1973
1972
1972
1971
1970
1969
1968
1967
1965
1964
1963
1962
1961
1960
1959
1957
1957
1956
1955
1954
1953
1952
1951
1950
1949
1948
1947
1946
1945
1944
1943
1943
1941
1940
1939
1939
1938
1937
1936
1935
1934
1932
1931
1930
1929
1928
1927
1925
1924
1923
1922
1921
1919
1918
1917
1916
1915
1914
1913
1912
1912
1911
1910
1908
1907
1905
1904
1902
1901
1900
1899
1898
1897
1896
1895
1894
1893
1893
1892
1890
1889
1888
1886
1885
1884
1883
1882
1881
1879
1878
1877
1876
1875
1874
1873
1872
1871
1870
1869
1868
1866
1865
1864
1863
1862
1861
1860
1858
1857
1855
1854
1852
1851
1850
1849
1848
1848
1847
1846
1845
1844
1843
1842
1841
1840
1839
1838
1837
1837
1836
1835
1834
1833
1832
1831
1830
1829
1828
1827
1826
1826
1825
1824
1823
1822
1820
1819
1817
1816
1814
1813
1811
1810
1809
1808
1807
1806
1804
1803
1801
1800
1799
1798
1797
1796
1795
1794
1793
1792
1790
1789
1787
1787
1786
1784
1783
1781
1780
1779
1778
1776
1775
1774
1772
1771
1769
1768
1767
1766
1765
1763
1762
1761
1760
1758
1757
1756
1755
1753
1752
1750
1749
1748
1747
1746
1744
1743
1741
1740
1739
1737
1736
1734
1733
1731
1730
1728
1727
1726
1725
1724
1723
1721
1720
1718
1717
1715
1714
1713
1711
1710
1709
1707
1706
1705
1704
1702
1701
1699
1698
1697
1696
1695
1694
1693
1691
1690
1689
1687
1686
1684
1683
1681
1680
1678
1677
1675
1674
1672
1671
1670
1668
1667
1665
1664
1662
1661
1660
1659
1657
1656
1655
1654
1652
1651
1650
1649
1648
1647
1646
1645
1644
1643
1642
1641
1640
1639
1638
1637
1637
1636
1635
1634
1633
1632
1631
1630
1629
1628
1627
1626
1626
1625
1624
1623
1622
1621
1620
1619
1618
1617
1616
1615
1615
1614
1613
1612
1611
1610
1609
1608
1607
1606
1605
1604
1604
1603
1602
1601
1600
1599
1598
1597
1596
1595
1594
1593
1592
1591
1590
1589
1588
1587
1586
1585
1584
1583
1583
1582
1580
1579
1578
1577
1576
1575
1574
1573
1572
1571
1570
1569
1568
1567
1566
1565
1564
1563
1562
1560
1559
1558
1557
1556
1555
1554
1553
1552
1551
1551
1550
1549
1548
1547
1546
1545
1543
1542
1542
1541
1540
1538
1537
1536
1535
1534
1532
1531
1530
1528
1527
1526
1525
1524
1522
1521
1519
1519
1517
1516
1515
1514
1513
1512
1510
1509
1508
1507
1506
1505
1503
1502
1501
1500
1499
1498
1497
1495
1494
1492
1491
1490
1489
1488
1487
1486
1485
1484
1483
1482
1481
1480
1478
1477
1476
1475
1474
1473
1472
1470
1469
1468
1466
1465
1463
1462
1460
1459
1458
1457
1456
1455
1454
1453
1452
1451
1450
1449
1447
1446
1446
1445
1443
1442
1441
1440
1439
1438
1437
1437
1436
1435
1434
1433
1432
1431
1430
1429
1428
1427
1425
1424
1423
1421
1420
1418
1417
1416
1414
1414
1412
1411
1409
1408
1406
1405
1404
1402
1401
1400
1398
1397
1395
1394
1393
1392
1391
1390
1389
1387
1386
1385
1384
1383
1381
1381
1379
1378
1376
1375
1373
1372
1370
1369
1368
1367
1366
1365
1364
1363
1362
1361
1360
1359
1359
1358
1357
1355
1355
1354
1353
1352
1351
1350
1349
1348
1347
1346
1345
1344
1343
1342
1341
1341
1340
1339
1338
1337
1336
1335
1334
1333
1332
1331
1330
1329
1327
1326
1324
1324
1323
1322
1321
1320
1319
1318
1317
1316
1315
1314
1313
1312
1310
1309
1308
1307
1306
1305
1304
1303
1302
1301
1299
1298
1297
1296
1295
1294
1293
1291
1290
1289
1287
1286
1285
1283
1282
1281
1279
1278
1277
1276
1275
1274
1272
1271
1269
1268
1267
1266
1264
1263
1261
1260
1259
1258
1256
1255
1253
1252
1251
1250
1249
1249
1247
1246
1245
1244
1242
1241
1240
1239
1238
1236
1236
1234
1233
1232
1230
1229
1228
1226
1225
1224
1222
1221
1220
1219
1217
1216
1215
1214
1212
1211
1210
1209
1208
1206
1205
1204
1203
1202
1201
1200
1199
1198
1197
1196
1195
1193
1192
1190
1189
1188
1186
1185
1183
1182
1181
1180
1178
1177
1176
1174
1173
1172
1170
1170
1168
1167
1165
1164
1162
1162
1161
1159
1158
1156
1155
1154
1153
1151
1150
1149
1148
1147
1146
1145
1144
1142
1141
1139
1138
1136
1135
1134
1132
1131
1130
1129
1128
1126
1125
1125
1124
1123
1122
1121
1120
1118
1117
1115
1115
1114
1112
1111
1109
1108
1107
1106
1105
1104
1102
1101
1100
1099
1098
1097
1096
1095
1094
1093
1092
1091
1090
1089
1088
1087
1087
1086
1085
1084
1083
1082
1081
1080
1079
1078
1077
1076
1076
1075
1074
1073
1072
1071
1070
1069
1068
1067
1066
1065
1065
1064
1063
1062
1061
1059
1058
1057
1056
1055
1054
1052
1051
1049
1048
1046
1045
1043
1042
1040
1039
1037
1036
1034
1033
1032
1030
1029
1028
1027
1026
1025
1024
1022
1021
1020
1019
1018
1016
1015
1013
1012
1010
1009
1007
1006
1004
1003
1002
1001
1000
999
998
997
996
995
993
992
991
990
989
988
987
986
985
983
982
981
980
979
977
976
975
973
972
971
970
969
967
966
964
963
962
962
960
959
957
956
955
954
953
952
951
949
948
947
946
945
943
942
941
939
938
937
936
936
935
934
933
932
931
930
929
928
927
926
925
925
924
923
922
921
920
919
918
916
915
914
913
912
910
909
907
906
904
903
902
901
901
900
899
898
897
896
895
894
893
892
891
890
890
889
888
887
886
885
884
883
882
881
880
879
879
878
877
876
875
874
872
871
870
869
868
866
865
864
864
863
862
860
859
857
856
855
854
853
852
852
851
850
849
848
847
846
845
843
842
840
839
838
837
836
835
834
833
832
832
831
830
829
828
827
826
825
824
823
822
821
821
820
819
818
817
816
815
814
813
812
811
810
810
809
808
807
806
805
804
803
801
800
799
797
796
795
794
792
791
789
788
788
786
785
783
782
781
780
779
778
777
776
776
775
774
773
772
771
769
768
766
766
765
764
763
762
761
759
758
756
755
753
752
750
749
747
746
744
743
742
740
739
738
737
736
735
734
733
732
730
729
728
727
726
725
724
723
722
720
719
718
717
716
715
714
713
712
711
710
709
708
707
707
706
705
704
703
702
701
700
699
698
697
696
696
695
694
693
692
691
690
689
688
687
686
685
683
682
680
679
678
676
675
673
672
670
669
668
667
666
664
663
662
661
659
658
657
655
654
653
652
650
649
648
647
646
645
644
642
641
640
638
637
636
636
635
633
632
631
630
628
627
626
625
624
623
622
621
620
619
618
617
615
614
613
612
611
610
608
607
606
604
603
602
600
599
598
597
595
594
593
591
590
589
587
586
584
583
582
581
579
578
576
575
573
572
570
569
567
566
565
563
562
560
559
557
556
554
553
551
550
548
547
545
544
543
541
540
538
537
535
534
532
531
529
528
526
525
523
522
521
519
518
516
515
513
513
512
511
510
509
508
507
506
505
504
503
502
501
500
499
499
498
496
495
495
494
493
492
491
490
489
488
487
486
485
484
483
482
481
481
479
478
477
475
474
473
472
470
469
467
466
465
464
463
462
461
460
459
458
457
456
455
454
453
451
450
449
448
447
446
445
444
442
441
440
439
438
437
436
435
435
434
432
431
429
428
426
425
423
422
420
419
418
416
415
413
412
410
409
407
406
404
403
402
401
399
398
396
395
393
392
391
389
388
387
385
384
382
381
379
378
376
375
373
372
370
369
367
366
365
364
363
361
360
358
357
355
354
353
351
350
348
347
345
344
342
341
339
338
337
335
334
333
331
330
330
328
327
326
325
324
323
322
321
320
319
318
317
316
315
314
313
311
310
308
307
306
304
303
302
300
299
297
296
294
293
291
290
288
287
285
284
282
281
280
278
277
275
274
272
271
269
268
266
265
263
262
260
259
258
256
255
253
252
250
249
247
246
244
243
242
240
239
237
236
235
233
232
230
229
227
226
224
223
222
220
219
217
216
215
214
213
212
211
210
209
208
207
206
205
204
203
202
200
199
197
196
195
193
192
190
189
187
186
184
183
182
181
181
180
178
178
177
176
174
174
173
172
171
169
168
167
166
164
163
162
160
159
158
157
156
154
153
152
151
150
149
148
147
146
145
143
142
141
140
139
137
136
134
133
133
132
131
130
129
128
127
125
124
123
122
120
119
117
116
115
114
113
112
111
110
110
108
107
106
105
104
103
102
101
100
99
98
96
95
93
92
92
91
90
89
88
87
85
84
83
82
81
80
78
77
76
75
74
73
72
72
71
69
68
67
66
65
64
63
61
60
59
57
56
54
53
52
51
50
49
48
47
46
45
44
43
42
42
41
40
39
38
37
36
35
34
33
32
31
31
30
29
28
27
26
25
24
23
22
21
20
20
19
18
17
16
15
13
12
11
10
9
8
7
7
5
4
3
2
