17
14
14
12
12
36
34
7
7
9
7
7
7
7
7
6
7
7
7
9
7
7
7
7
7
7
6
7
8
7
7
7
6
8
7
6
8
7
7
8
7
7
7
7
8
8
10
9
11
9
9
10
9
8
7
7
8
7
7
7
7
8
8
7
7
8
8
7
8
8
9
7
7
7
7
7
7
8
8
9
8
7
8
7
8
7
7
7
7
7
7
8
7
8
7
7
7
11
11
7
10
10
9
10
9
11
10
10
10
11
10
10
10
10
10
9
10
10
9
10
10
10
10
9
10
10
10
10
9
10
9
9
10
10
10
10
10
9
10
9
11
9
10
10
10
10
10
10
10
10
10
10
10
11
9
10
10
10
11
11
11
10
10
9
10
10
10
10
11
12
9
10
11
11
10
11
11
11
10
11
10
10
10
9
10
10
9
9
10
11
9
10
11
10
10
10
9
10
10
9
10
9
10
10
10
9
10
9
10
10
10
10
10
9
9
10
9
10
10
9
10
11
10
9
10
9
10
11
10
10
10
10
10
9
9
10
10
10
10
10
9
9
10
9
10
9
10
9
10
9
9
9
10
9
11
9
10
10
10
10
10
10
9
10
9
10
10
10
10
10
10
10
9
11
10
10
10
10
9
10
10
10
9
10
10
10
10
10
10
10
10
10
11
11
9
10
10
10
9
10
10
10
10
10
11
10
10
10
10
11
10
10
10
9
11
10
10
10
10
10
10
10
9
10
10
10
10
10
10
11
10
10
10
10
10
10
10
11
10
10
10
10
9
10
10
9
10
10
10
9
9
9
8
10
7
7
7
7
9
7
7
7
8
8
9
7
8
7
7
7
7
8
7
8
7
7
8
7
7
9
7
8
7
9
7
8
7
7
7
10
8
10
7
9
8
7
7
7
7
8
7
10
9
9
9
10
10
8
8
8
8
7
10
7
8
8
9
8
10
7
9
9
8
7
10
7
10
6
8
7
8
7
7
7
9
8
11
9
8
8
8
8
8
8
7
7
8
8
8
7
8
9
9
8
8
8
7
8
7
9
8
8
8
8
10
7
7
7
10
8
8
8
7
9
9
8
7
7
7
8
8
8
7
8
7
8
7
8
7
8
9
9
8
7
7
7
7
7
7
9
10
8
8
7
8
8
8
8
8
7
7
7
8
9
8
8
7
7
7
12
9
8
8
9
8
7
8
8
8
9
8
7
7
8
7
7
7
7
8
8
7
8
7
986
957
973
1012
1032
1065
1079
1117
1108
1016
900
769
627
481
391
281
167
71
8
7
7
8
8
8
8
7
8
7
8
8
7
8
8
8
10
8
8
8
8
7
7
7
7
10
8
8
8
7
7
9
8
9
7
7
8
9
7
8
8
8
8
8
7
7
7
8
8
8
9
8
9
8
9
8
7
8
9
10
9
7
9
8
10
8
9
7
8
8
10
9
8
10
9
8
8
8
8
8
7
7
8
10
9
9
10
7
8
8
7
7
8
8
10
10
8
9
10
11
10
9
8
8
7
8
8
8
7
8
11
8
8
8
8
7
7
7
9
8
8
7
8
7
7
7
7
8
8
7
7
6
7
7
7
7
7
9
7
8
7
7
7
7
7
9
10
7
7
7
7
7
7
7
6
7
8
7
10
7
7
7
7
6
7
7
7
7
9
7
6
7
9
9
8
9
8
9
9
6
7
10
8
7
7
7
7
7
7
7
8
8
9
9
10
9
9
9
8
6
7
7
6
6
7
9
7
7
7
7
6
10
11
8
10
8
8
9
10
8
9
7
9
7
8
7
7
7
7
7
6
7
6
6
7
7
10
10
7
7
7
10
8
9
7
7
6
10
8
8
11
9
9
8
8
8
8
10
2924
2976
3019
3043
3070
3101
3119
3167
3197
3238
3272
3335
3364
3432
3236
3198
1702
1775
2951
2923
3003
2996
3001
1476
878
3352
3289
3230
3185
2860
2746
2687
2694
203
4093
4000
3942
3458
3398
2699
2639
184
4093
3992
3901
3801
1394
1251
1106
1025
971
950
896
821
269
260
4081
4036
3596
3499
3428
3337
3335
3346
3356
3340
3135
3125
2880
2489
2452
2408
2358
1998
1983
1724
1686
1682
1485
998
3667
3511
3417
3359
3307
2482
2343
2184
2106
2053
2001
1932
377
318
310
3002
3024
3015
2922
3561
3330
3225
3083
2995
2534
1318
1113
917
785
650
497
392
262
170
59
4061
3977
3905
2898
2716
2586
2450
2342
2249
2108
2009
1896
1761
1635
1487
1401
1362
1251
1151
1065
983
869
723
586
466
371
299
220
136
45
6
4063
2224
1958
1991
2047
2145
2264
1704
1707
1693
1676
1679
1663
1667
1664
1669
1689
1669
1650
1617
1557
1407
1326
1234
1160
1104
1056
1001
949
897
847
780
728
676
590
523
487
446
406
346
304
248
197
127
67
27
4083
4040
4002
3945
3908
3868
3825
3787
3742
3349
3286
3245
3181
3145
3106
3076
3033
2991
2938
2855
2811
2789
2773
2762
2728
2684
2644
2581
2534
2479
2417
2357
2278
2220
2168
2116
2063
1993
1936
1888
1849
1808
1768
1705
1664
1603
1570
1525
3596
3382
3315
3240
3182
2664
2562
2507
2451
2403
2336
2188
1788
1729
484
2240
2195
2157
2112
2072
2022
1850
1915
1930
1963
2022
2097
73
3079
2116
2134
2129
1495
1416
1146
911
906
892
905
917
895
897
896
798
814
870
817
549
557
554
3459
3542
3631
3687
3579
3604
3827
3675
3690
3704
3691
3714
1950
2070
2159
1829
1836
1290
1213
1078
946
891
861
790
738
697
666
681
674
660
669
625
578
537
526
525
572
406
3654
3142
2952
2960
2957
2954
2977
2986
2981
2963
2995
2999
2980
2957
2972
2967
3015
3054
3055
3060
3085
3059
3115
3130
3152
3137
3145
3157
3159
3169
2874
2624
2366
2104
1931
2971
2868
2736
2585
2425
2358
2215
2167
2067
1959
1836
1755
1708
1548
1404
1316
1320
1307
1306
1290
1293
1255
1258
1230
1219
1242
1249
1335
1324
1321
1327
1328
1323
1290
1313
1321
1319
1307
1323
1363
1348
1357
1351
1347
1307
1293
1287
1288
1292
1308
1325
1346
1370
1353
1332
1326
1343
1334
1316
1311
1317
1302
1303
1329
1365
1368
1364
1376
1367
1359
1363
1252
914
874
830
827
834
836
3279
3216
2543
2545
2552
1237
1247
138
3956
3903
2655
1742
1594
1487
1423
1366
1314
1258
1212
1149
1097
1042
988
930
875
828
773
3928
2845
2371
2208
2139
2075
2010
1957
1630
854
364
287
230
182
111
41
4073
4026
3964
3862
3799
3738
3684
3629
3583
2688
2635
1783
1247
1172
1100
1050
1015
1012
2621
1605
1503
1460
1434
1428
3336
3268
3209
3200
3205
3176
3127
3076
3021
3001
3005
2962
4004
3858
3807
3743
3699
3646
3592
2241
2158
1743
1688
1639
162
3472
2141
2088
2007
1928
1870
1819
1786
1726
1691
4011
3943
3881
950
895
819
378
328
214
158
72
19
4020
3946
3876
3792
3626
2418
1330
1270
1202
340
288
217
3650
3601
3286
3211
3123
3074
2998
2946
2412
2301
1729
685
613
358
340
426
509
1143
1276
1767
1701
1746
1637
1413
249
4043
3045
2938
2486
2297
2187
2050
1935
1754
1634
1514
1322
1202
1064
842
668
528
360
171
4088
3912
3743
3639
3471
3307
3169
3026
2851
2667
2509
2333
2234
2100
1914
1770
1606
1455
1310
1188
944
825
676
520
390
207
4071
3919
3746
3619
3481
3326
3178
3030
2873
2754
2621
2461
2300
2176
1955
1817
1677
1549
1402
1344
1291
1236
1184
1129
1079
1028
960
894
845
827
834
846
844
846
808
764
729
696
710
717
699
733
694
637
586
547
508
473
430
367
312
263
213
151
90
32
4074
3976
3944
3900
3845
3789
3757
3705
3666
3606
3561
3505
3453
3397
251
4042
3930
3850
3794
3743
3666
3602
3543
3492
3465
3451
3469
3492
3487
2557
2580
459
319
1256
1085
1198
1256
1333
1366
1308
1330
1192
1174
3621
3521
3416
3328
3278
3224
2455
293
218
163
1953
1869
3406
3347
2906
2759
2683
2619
2501
2450
2417
2380
2333
1816
1683
1562
1451
1441
1434
1439
1465
1151
1151
739
655
584
490
400
336
206
109
34
4028
3916
3815
3770
3730
3675
3625
3571
3518
3164
417
3233
3119
3002
2952
2908
2873
2338
2228
2101
2058
2019
1973
1639
1433
1165
1108
3261
2928
2552
2501
2096
1703
3951
3572
3176
2734
431
3268
3232
3187
3133
3083
2774
3651
3423
2519
2132
2077
2036
245
228
3352
3059
3001
2901
2836
2784
2728
2667
2557
2451
2378
2314
2266
2212
2171
2171
2196
2221
2211
2210
2210
2199
2196
2200
2183
2135
2084
2039
1985
1934
1879
388
3987
3849
805
817
801
828
822
802
797
817
845
909
1001
1089
1166
1295
1376
3052
3121
3201
993
947
825
805
786
3491
3498
2898
2675
2639
2594
2540
2479
163
99
46
3682
3622
3573
1687
1257
307
119
1984
1920
693
648
2831
2825
2825
2806
2737
2696
2652
2603
2594
2622
2628
2638
2642
2635
2325
2213
2185
2519
438
439
443
493
477
493
488
2522
2576
2573
2579
2589
2603
1620
1622
1624
1609
1599
1613
1616
1614
1249
1187
1107
1002
912
878
909
884
776
714
655
589
534
474
355
305
229
154
122
89
4088
4021
3961
3892
3826
3841
3831
3831
3846
3845
3845
3843
3859
3845
3859
3851
3856
3907
3914
3951
3952
3981
2992
2979
1363
1076
794
576
293
3369
3241
2817
2708
103
4085
4003
3994
3997
3971
3969
3970
2948
3018
3079
779
3333
2990
3102
3170
1311
1380
295
310
306
289
281
296
275
342
3990
3987
3991
3990
2826
2808
2753
2730
2681
2643
2601
2557
2518
2479
1798
1826
1822
1826
1830
1793
1082
569
494
418
359
324
265
230
182
142
104
60
2438
2124
1989
1859
1794
1734
1671
1644
1654
1632
1583
1533
1478
1487
1511
1530
1518
1528
1531
1527
1539
1551
1557
1577
1558
1527
1545
1537
1519
1521
1519
1517
1512
1523
2580
2442
2216
2208
2237
2287
2351
2422
2036
1815
1771
1732
1698
1674
1646
680
646
621
581
541
503
453
404
349
321
284
237
176
1534
1169
1121
1086
1034
652
540
2116
1460
1407
972
952
271
3355
3319
2345
2205
2129
2096
1256
345
288
1135
1001
875
757
613
551
498
448
393
345
3335
405
353
414
380
308
231
234
243
252
207
161
160
118
105
121
110
3975
3926
1677
1620
694
637
464
2449
2400
1717
1722
1251
275
1703
1583
1530
1477
344
3879
3828
892
686
623
2797
2491
1250
576
3970
3702
3541
3381
3214
3087
266
3526
2302
2129
1965
1823
1664
2925
2228
1471
1400
1392
2429
2408
2178
1734
1679
3829
3770
3127
3049
3009
2740
2162
3223
2609
2560
1362
1262
1207
948
743
632
561
457
401
347
200
68
4080
4018
3972
3918
3869
3820
3770
3695
3644
3592
3539
3489
3427
3382
3328
3279
3229
3181
3119
3070
3020
2966
2909
2854
2810
2756
2718
2655
2664
2680
2674
2673
2660
2655
2660
2667
2658
2647
2601
1990
1934
1394
1321
1275
3682
3469
3398
3385
2959
2942
1446
1298
1291
1277
848
3523
1527
1686
1175
1266
3480
3521
3606
3679
3197
3258
3191
3147
3231
3227
3196
3134
2367
2292
2231
1690
1638
3870
3802
3707
3567
3437
3309
3194
3077
2985
2932
2880
2790
2666
2618
2571
2530
2489
2408
2343
2288
2246
2109
2038
2055
2090
1988
1851
1711
1566
1417
1308
1250
1216
1178
1123
1060
1011
977
886
737
620
500
360
199
66
4046
3939
3899
3835
3732
3729
3604
3460
3315
3184
3034
2950
2908
2870
2811
2759
2687
2590
2476
2354
2240
2091
1975
1858
1855
1916
1947
1874
1842
1796
1847
1868
1906
1945
1987
2020
2069
2100
2085
2116
2084
2056
2005
1955
1925
1971
2057
2107
2143
2195
2217
2296
2337
998
1050
297
329
2263
2297
1711
1704
1672
1721
841
809
765
762
724
714
707
714
727
779
821
853
839
806
2201
2325
2239
1747
1818
1513
1534
1572
1657
1472
1538
926
918
922
1002
1083
968
1020
498
46
3114
3084
3043
3013
3006
3041
3089
3113
3137
3027
2877
2734
2588
2505
2456
2403
2353
2294
1662
1271
1218
479
325
201
88
37
4077
4017
3054
3002
2464
2519
913
652
346
59
3856
3672
3510
3360
3199
3056
2259
1799
1671
1178
1000
836
659
514
348
132
4078
3937
3746
3610
3422
3259
3130
3036
3030
2949
2921
2829
2764
2724
2655
2565
2503
2478
2446
2372
2244
2135
2073
2013
1936
1870
1818
1748
1640
1520
1462
1370
1309
1260
1201
1129
1061
973
918
839
791
774
808
743
691
618
546
474
426
364
312
256
210
138
72
11
4057
4002
3953
3896
3842
3807
3768
3714
3658
3625
3582
3539
3467
3410
3357
3300
1289
1283
1272
1274
1264
1533
1615
1703
1764
1853
1265
1364
1271
1371
1441
1523
1572
1643
1657
1695
1728
1791
1738
1771
1797
1847
1887
1937
1986
1393
996
988
967
957
907
849
807
749
711
630
602
542
464
431
371
320
276
244
179
142
78
50
4079
4034
3915
3776
3632
3586
3523
3383
3235
3092
2961
2854
2816
2723
2585
2449
2296
2166
2028
1892
1739
1604
1462
1314
1186
1051
1001
944
823
684
557
405
261
121
4073
3948
3809
3679
3527
3381
3241
3106
2960
2825
2681
2531
2379
2235
2104
1963
1913
1850
1802
1767
1720
1675
1628
1601
1558
1461
1424
1376
1328
1295
1240
1214
1158
1126
1094
1039
983
935
902
836
830
779
732
687
653
618
563
504
486
432
396
323
282
247
199
170
137
108
1629
1557
1498
1486
1569
1660
1762
1837
1925
1958
1899
1889
1848
2023
2118
2176
2194
2140
2073
2023
1973
1918
1861
1741
1647
1584
1537
1482
1429
1379
1324
1275
1222
1174
1126
1076
1023
969
860
748
692
643
583
441
322
296
261
259
277
284
282
272
275
265
250
261
246
220
169
120
66
17
4061
4011
3948
3794
3732
3586
3507
3452
3403
3345
3296
3183
3086
3080
3061
3067
3057
3065
3093
3101
3105
3111
3110
3099
3047
3004
2962
2914
2862
2812
2758
2685
2541
2484
2435
2381
2320
2178
2118
2055
2011
1958
1910
1861
1814
1761
1649
1587
1534
1486
1429
1381
1328
1207
1068
923
782
631
497
355
218
119
70
17
4064
4015
3959
3905
3858
3810
3757
3709
3652
3520
3385
3332
3283
3228
3170
3044
2957
2936
1818
1863
1998
2087
2218
2332
3097
3120
3138
3160
3175
3183
3208
3223
3230
3253
3281
3137
3113
2464
2400
1850
1187
659
604
26
4073
2064
2010
1516
1464
3758
3641
3519
3523
3480
3431
3420
3405
2776
1820
816
739
345
193
102
73
80
2294
2270
1780
1727
3781
3455
3176
2913
1897
1794
1667
1587
1002
898
3533
3112
3018
2898
2804
2699
2580
2457
2363
2283
2175
2086
2012
1872
1753
1578
1463
1566
1560
1545
1564
1575
1575
1586
1580
1582
1600
1636
1625
1643
1640
1673
1684
1714
1709
1712
1740
1737
1731
1723
1736
1770
1775
1776
1803
1858
1914
2004
2054
2117
2170
2207
2218
2273
2305
2329
2349
2378
2421
2437
2469
2480
2508
2517
2545
2567
2568
2555
2565
2579
2604
2646
2697
2729
2763
2794
2845
2874
3814
3849
3873
3903
2437
2477
2488
2501
2543
2549
2599
2653
2720
2808
2887
2942
2952
2982
3050
3078
3159
3247
3341
3417
3471
3528
3599
3636
3693
3732
3750
3797
3839
3885
3945
4000
4065
15
85
132
185
208
156
123
64
20
4075
4038
3972
3755
938
606
3272
3211
3162
3107
3055
3000
2953
1029
2462
2275
2224
2174
2119
2072
995
954
2378
2347
2300
2227
2173
2143
2106
2064
1978
1925
1872
1190
1132
1098
1039
1005
952
871
831
772
741
699
646
591
562
519
481
2332
2177
2104
1978
1004
970
926
872
822
790
745
707
215
167
124
68
20
4082
4039
4001
1860
1700
1144
3739
462
425
381
348
311
269
2364
2325
2286
2250
2215
2178
1655
1595
504
2908
1810
1767
1728
1688
1650
1608
1327
1287
1248
1190
1158
1120
1075
945
910
685
727
3266
3244
3291
1919
1957
1991
2033
2065
2114
4067
7
39
66
4078
4026
4073
3976
3596
3390
3379
3325
3290
3250
3171
3130
3108
3071
3029
3013
2964
2930
2888
2849
2815
2774
1652
3363
1120
969
818
1263
1137
1024
882
771
647
4028
3877
3720
3542
2396
2280
3800
3717
3653
3603
3840
3474
3337
3212
3114
3041
2990
2931
2864
2807
2762
2683
2631
2575
2523
2473
2416
2358
2292
2241
2185
2130
2060
2005
1965
1916
1857
1785
1733
1675
1623
1567
1503
1430
1371
1292
1229
1173
1116
1050
990
938
881
817
762
712
420
45
3961
3870
3812
3502
3448
3393
2560
2497
2446
2111
2041
1985
1927
1870
652
596
3329
3281
1453
1384
1327
1262
1174
1121
1040
979
923
862
814
235
195
142
105
67
23
2682
804
858
903
941
980
1013
1078
3527
2313
2366
1967
3523
3569
1768
1769
1800
1838
3975
3202
2464
2158
1810
1776
1173
922
391
322
3648
2939
2260
1291
764
513
4014
3619
2630
2571
2479
2376
1860
1567
1233
513
468
398
95
38
3674
3619
3570
3520
3486
3428
3069
3021
2972
2918
1893
1082
1048
989
531
206
6
3893
3786
3394
2432
2049
1704
1369
1026
572
2235
469
3773
3111
2903
2686
2440
2275
2032
1784
1523
1321
1068
795
600
421
238
44
3946
3734
3537
3355
3179
2988
2772
2570
2295
2054
1804
1560
1298
1049
800
691
654
615
557
511
458
431
374
328
289
235
180
134
80
27
4073
4024
3973
3926
3882
3827
3793
3734
3703
3661
3623
3569
3542
3500
3461
3422
3383
3344
3290
3257
3202
3153
3098
3551
3616
3690
3731
3765
3815
3866
3922
3957
3997
4020
4056
16
54
83
120
159
218
266
332
1286
1359
1319
1269
1231
1181
535
486
3023
2993
2950
2894
2860
2821
2790
2733
2685
2650
2612
2569
2534
2496
2461
1976
2719
2479
2122
1908
1864
1816
1766
1716
1664
1613
1549
1502
1452
1403
1350
1303
1246
1196
1145
1101
1049
994
949
895
846
793
764
713
666
616
569
516
467
424
373
323
271
242
184
151
99
56
3986
3788
3740
3692
3638
3588
3545
3497
3444
3395
3346
3294
3260
3232
2576
2521
2487
2451
2393
2331
2288
2239
2205
2163
2122
1585
857
300
3702
2994
2416
1760
1708
1675
843
266
3491
3457
3398
2798
2400
2349
2295
2262
1702
1060
1029
998
966
925
886
827
797
739
677
647
611
567
529
491
2063
2129
2183
2221
2301
2338
2378
2455
2481
2436
1972
1433
1503
1312
1039
421
398
466
511
278
3771
3267
2978
2945
2891
2838
2789
2742
2700
2647
2613
2559
2269
2210
2043
1839
1227
755
578
3471
2998
2906
2201
1985
1938
285
2589
2531
1908
150
3606
3554
3507
3463
3400
2452
2000
1415
2764
2552
2233
2179
2129
2075
2037
1986
1936
1886
1837
1783
1734
1686
1639
1589
1535
1490
1436
1386
1336
1288
1230
1181
1132
1089
1035
951
904
1670
1181
1233
774
80
41
4031
3427
3378
3209
2737
2355
2087
1802
1436
1097
706
397
137
4035
3799
3553
3324
3094
2858
1269
385
3206
2996
2766
2502
2258
2020
1784
1527
1301
1084
845
626
433
192
4044
3849
3633
3396
3213
1280
1246
1187
1135
1096
801
542
457
305
3986
2340
2251
1671
3397
2730
2770
1659
1494
1554
1615
1661
1692
1730
1758
1797
1848
1888
1925
1950
1981
2011
2044
2088
2126
2095
2047
1996
1945
1889
1841
1786
1741
1692
1642
1591
1535
1484
1434
1389
1351
1325
1268
1233
1172
1126
1092
1053
988
942
903
864
821
785
742
701
663
623
590
548
509
469
430
386
346
291
245
193
145
92
41
2289
2086
2036
1987
1305
1127
2994
3567
510
468
413
358
310
257
207
153
114
51
2
4048
3998
3943
3889
3845
3794
3745
889
639
4047
3465
2361
2288
1149
89
40
4082
3987
2277
1927
1865
1814
1765
1717
3020
2970
2129
1809
681
624
3436
3314
2819
546
508
353
3822
2345
2294
4035
4007
3970
3931
3892
3840
2627
1014
960
242
181
130
23
3427
3351
1811
1757
1710
1592
1391
1313
1374
1124
2382
2452
144
199
252
286
329
369
2869
2621
2333
2089
1838
1659
1475
1327
1149
979
824
587
375
140
4012
3762
3535
3328
3080
2867
2635
2407
2179
1955
1721
1485
1038
479
3465
1721
1529
1347
1153
930
774
528
304
65
3935
3699
3475
3221
2985
2743
2510
2264
2043
1769
1530
1309
1060
839
603
537
489
435
384
334
290
235
178
127
77
23
4065
4023
3962
3489
3440
3390
3334
3275
3225
3176
3127
3073
3018
2965
2929
2893
2851
2820
2771
1990
1935
1885
1830
1783
1732
1671
1625
195
146
97
3647
3608
3570
3525
3489
3448
2764
2706
2256
2187
1417
1362
3058
2999
2956
2900
2851
2797
2741
2689
2634
2584
2530
2475
2418
2374
2323
2268
2212
2156
2104
2045
2002
1929
1870
1814
1764
1714
3399
3344
2026
1253
1326
1409
1452
1513
1555
1607
1669
1725
1759
1820
1589
1408
1445
1500
1541
1586
1632
1666
3588
3641
3667
3616
3562
3517
3465
3416
3377
3321
3277
3240
3160
2999
2944
2893
2837
2786
1499
1281
3569
3514
668
2331
2287
2230
2181
2132
2083
2038
1999
1955
1922
1881
1851
1814
1776
1729
597
250
4023
3132
2832
2679
567
436
333
208
71
4051
2647
2476
2257
2085
1936
2037
1897
1835
1777
1473
1238
1114
986
881
823
775
720
668
613
572
511
462
412
358
308
254
201
146
79
27
4067
4019
3969
3918
3848
3793
3729
3681
3629
3577
3526
2731
2668
2629
2592
2553
2512
471
137
3207
3144
3103
3061
3014
2981
2083
4054
3883
3993
3878
3059
2783
2733
4032
3976
2326
393
3724
3679
1197
1141
1001
945
660
3950
62
95
3518
3511
3570
3602
3641
3677
3109
3135
3182
3209
3265
3239
3270
3300
3375
3412
3476
3135
2499
1715
999
285
139
3885
3670
3615
3091
3027
2792
2742
2611
1841
1795
1749
1297
588
243
3956
3873
3823
3179
2965
2897
2855
2184
1636
960
297
3838
3151
2293
1665
967
3613
2860
2211
1314
586
523
3460
2731
2199
2135
2096
345
172
3946
3729
3681
2099
1982
1865
1750
1628
1510
1401
1303
1205
1087
978
896
856
813
770
731
688
642
468
372
246
176
134
4060
3407
3091
2169
2032
1882
1761
1616
1473
1326
1179
1062
4025
3905
3784
3129
2617
2409
2260
2062
1922
1777
1573
1350
1164
966
823
686
524
334
171
4064
3902
3785
3603
3432
3237
3039
2843
2657
2427
2288
2083
1931
1682
1401
1173
923
674
408
3857
3735
3555
3392
3357
3296
3233
3037
2901
2743
2615
2501
2375
2335
2287
2256
2184
2167
2096
2058
1997
1871
1731
1586
1446
1291
1155
1063
983
863
719
579
511
475
398
315
264
213
135
32
4058
4007
3963
3910
3852
3800
3745
3694
3658
3617
3568
3525
3488
3428
3346
3215
3099
3007
2966
2919
2882
2838
2796
2750
2706
2665
2621
2589
2546
2505
2436
2403
2338
2296
2237
2222
2183
2129
2088
2046
2007
1963
1928
1889
1844
1781
1745
1708
1650
1613
1577
1543
1491
1450
1368
1301
1257
1217
1133
1017
901
804
763
717
660
619
585
534
464
391
272
190
81
4029
3895
3750
3667
3612
3588
3529
3478
3424
3378
3340
3285
3236
3177
3137
3098
3059
3028
2988
2933
2893
2854
2795
2761
2708
2661
2546
2426
2330
2268
2240
2656
2795
2815
2868
2923
2970
3022
3031
3013
3036
3007
2953
2932
2925
2979
3051
3106
3148
3181
3247
3272
3322
3298
3267
3224
3198
3161
3099
3039
2983
2873
2753
2641
2527
2392
2252
2143
2024
1912
1790
1677
1588
1476
1376
1229
1095
1032
979
930
883
837
794
741
699
672
636
582
557
516
469
432
394
334
301
265
227
186
146
97
44
4086
4037
3988
3936
3885
3841
3788
3739
3687
3634
3579
1529
1417
1307
1247
1215
1176
834
657
544
429
334
213
96
4047
4002
3960
3926
3873
3829
2081
4066
3936
3871
3817
3377
3048
2907
2779
2732
2679
2630
1851
1802
1232
1081
946
809
674
608
505
447
397
284
162
64
11
3996
3951
760
683
637
3717
3501
3120
2851
2472
2334
2217
2102
1979
1863
1743
1600
1455
1722
1793
1849
1834
1870
1807
1733
1671
1653
1616
1583
1519
1529
1595
1626
1645
1687
1728
1767
1806
1823
1780
1737
1684
2963
2904
1725
1666
3332
3188
3046
2898
2817
2765
2704
2651
2599
655
409
2176
2076
1925
1625
1486
1358
1309
1257
1208
821
3981
3934
3621
3506
2656
2524
2418
2286
2141
2007
1847
1701
1561
1453
1401
1354
1277
1165
1033
926
871
812
672
592
495
420
347
207
128
79
2682
2635
1848
1804
3201
3124
3046
2844
2695
2551
2411
2265
2133
1995
1883
1833
1789
1736
1687
1634
1579
1527
3700
3407
2573
2149
1910
1554
1278
1033
717
457
220
4060
3824
3584
