0.0366211 0.131836 0.0732422
0.0234375 0.0234375 0.046875
0.0234375 0.0234375 0.0585938
0.0234375 0.0234375 0.0703125
0.0366211 0.131836 0.0805664
0.0231934 0.0231934 0.0305176
0.109863 0.146484 0.140137
0.109863 0.146484 0.147461
0.0351562 0.046875 0.0585938
0.109863 0.146484 0.154785
0.109863 0.146484 0.162109
0.109863 0.146484 0.169434
0.109863 0.146484 0.176758
0.109863 0.146484 0.184082
0.0428467 0.0534668 0.0644531
0.0351562 0.046875 0.0703125
0.0428467 0.0534668 0.0750732
0.0351562 0.046875 0.0820312
0.0428467 0.0534668 0.0856934
0.0351562 0.046875 0.09375
0.00732422 0.00732422 0.0146484
0.0146484 0.0146484 0.0227051
0.00732422 0.0263672 0.0344238
0.00732422 0.00732422 0.019043
0.00732422 0.00732422 0.0307617
0.0146484 0.0146484 0.0300293
0.0146484 0.0146484 0.041748
0.00732422 0.00732422 0.0227051
0.0854492 0.0854492 0.0939941
0.0854492 0.0854492 0.102539
0.0854492 0.0854492 0.111084
0.0820312 0.0820312 0.09375
0.124512 0.175781 0.131836
0.124512 0.175781 0.13916
0.124512 0.175781 0.146484
0.0219727 0.0292969 0.0292969
0.0153809 0.0153809 0.0270996
0.0153809 0.0153809 0.0388184
0.124512 0.175781 0.153809
0.124512 0.175781 0.161133
0.0820312 0.0820312 0.105469
0.0820312 0.0820312 0.117188
0.0820312 0.0820312 0.128906
0.124512 0.175781 0.168457
0.124512 0.175781 0.175781
0.124512 0.175781 0.183105
0.0270996 0.0270996 0.0344238
0.0219727 0.0292969 0.0366211
0.0270996 0.0270996 0.041748
0.124512 0.175781 0.19043
0.124512 0.175781 0.197754
0.0820312 0.0820312 0.140625
0.0820312 0.0820312 0.152344
0.0820312 0.0820312 0.164062
0.124512 0.175781 0.205078
0.124512 0.175781 0.212402
0.124512 0.175781 0.219727
0.0153809 0.0227051 0.0270996
0.0153809 0.0227051 0.0388184
0.0153809 0.0227051 0.0505371
0.0153809 0.0227051 0.0578613
0.0270996 0.0270996 0.0490723
0.0153809 0.0153809 0.0461426
0.0490723 0.0490723 0.0563965
0.0366211 0.0439453 0.0439453
0.219727 0.219727 0.227051
0.219727 0.219727 0.234375
0.164062 0.164062 0.175781
0.164062 0.164062 0.1875
0.219727 0.219727 0.241699
0.164062 0.164062 0.199219
0.219727 0.219727 0.249023
0.219727 0.219727 0.256348
0.0366211 0.0366211 0.0512695
0.219727 0.219727 0.263672
0.219727 0.219727 0.270996
0.164062 0.164062 0.210938
0.164062 0.164062 0.222656
0.164062 0.164062 0.234375
0.219727 0.219727 0.27832
0.219727 0.219727 0.285645
0.219727 0.219727 0.292969
0.0703125 0.0703125 0.0820312
0.0703125 0.0703125 0.09375
0.0703125 0.0703125 0.105469
0.0703125 0.0703125 0.117188
0.00854492 0.00854492 0.0170898
0.0703125 0.0703125 0.128906
0.0703125 0.0703125 0.140625
0.0703125 0.0703125 0.152344
0.0703125 0.0703125 0.164062
0.0703125 0.0703125 0.175781
0.00854492 0.00854492 0.0256348
0.0703125 0.0703125 0.1875
0.0703125 0.0703125 0.199219
0.0703125 0.0703125 0.210938
0.0703125 0.0703125 0.222656
0.0703125 0.0703125 0.234375
0.0703125 0.0703125 0.246094
0.0703125 0.0703125 0.257812
0.0703125 0.0703125 0.269531
0.0703125 0.0703125 0.28125
0.0703125 0.0703125 0.292969
0.0703125 0.0703125 0.304688
0.0703125 0.0703125 0.316406
0.0703125 0.0703125 0.328125
0.0234375 0.0234375 0.0351562
0.328125 0.328125 0.339844
0.0424805 0.0424805 0.0498047
0.0292969 0.0512695 0.0410156
0.168457 0.292969 0.175781
0.168457 0.292969 0.183105
0.168457 0.292969 0.19043
0.168457 0.292969 0.197754
0.168457 0.292969 0.205078
0.0256348 0.0256348 0.0341797
0.328125 0.328125 0.351562
0.328125 0.328125 0.363281
0.328125 0.328125 0.375
0.328125 0.328125 0.386719
0.328125 0.328125 0.398438
0.0703125 0.152344 0.15979
0.0703125 0.152344 0.164062
0.0703125 0.152344 0.175781
0.0703125 0.152344 0.1875
0.0703125 0.152344 0.199219
0.0703125 0.152344 0.210938
0.0703125 0.152344 0.222656
0.0170898 0.0170898 0.0256348
0.0256348 0.0256348 0.0341797
0.0351562 0.0351562 0.046875
0.0351562 0.0351562 0.0585938
0.0256348 0.0256348 0.0427246
0.00854492 0.00854492 0.0170898
0.0117188 0.0117188 0.0234375
0.0366211 0.109863 0.102539
0.0366211 0.109863 0.109863
0.0366211 0.109863 0.117188
0.0366211 0.109863 0.124512
0.0366211 0.109863 0.131836
0.0219727 0.0219727 0.0300293
0.0219727 0.0219727 0.0380859
0.00732422 0.00732422 0.0153809
0.00732422 0.00732422 0.0234375
0.0219727 0.0219727 0.0461426
0.00732422 0.00732422 0.0314941
0.0117188 0.0117188 0.0234375
0.0366211 0.0366211 0.0805664
0.0366211 0.0366211 0.0878906
0.0366211 0.0366211 0.0952148
0.0366211 0.0366211 0.102539
0.0366211 0.0366211 0.109863
0.0820312 0.0820312 0.09375
0.0820312 0.0820312 0.105469
0.0820312 0.0820312 0.117188
0.00732422 0.00732422 0.0146484
0.00732422 0.00732422 0.0219727
0.00732422 0.00732422 0.0292969
0.00732422 0.00732422 0.0366211
0.0241699 0.0461426 0.0314941
0.0241699 0.0461426 0.0388184
0.153809 0.241699 0.223633
0.153809 0.241699 0.230957
0.153809 0.241699 0.238281
0.153809 0.241699 0.245605
0.153809 0.241699 0.25293
0.0410156 0.0568848 0.0556641
0.153809 0.241699 0.260254
0.153809 0.241699 0.267578
0.153809 0.241699 0.274902
0.153809 0.241699 0.282227
0.153809 0.241699 0.289551
0.0410156 0.0568848 0.0629883
0.153809 0.241699 0.279297
0.153809 0.241699 0.286621
0.153809 0.241699 0.293945
0.153809 0.241699 0.30127
0.153809 0.241699 0.308594
0.153809 0.241699 0.315918
0.153809 0.241699 0.323242
0.0585938 0.164062 0.175781
0.0585938 0.164062 0.186768
0.0585938 0.164062 0.189697
0.0585938 0.164062 0.192627
0.0585938 0.164062 0.195557
0.0146484 0.0556641 0.0305176
0.124512 0.27832 0.153809
0.124512 0.27832 0.157471
0.124512 0.27832 0.156006
0.124512 0.27832 0.16333
0.124512 0.27832 0.170654
0.0146484 0.0556641 0.0305176
0.0117188 0.0117188 0.0234375
0.0732422 0.197754 0.131836
0.0732422 0.197754 0.13916
0.00732422 0.00732422 0.0146484
0.0146484 0.0146484 0.0219727
0.00732422 0.00732422 0.0219727
0.0146484 0.0878906 0.0952148
0.0146484 0.0878906 0.102539
0.0146484 0.0878906 0.109863
0.0146484 0.0878906 0.117188
0.0146484 0.0878906 0.124512
0.0146484 0.0878906 0.124512
0.0146484 0.0878906 0.131836
0.0146484 0.0878906 0.13916
0.0146484 0.0878906 0.146484
0.0146484 0.0878906 0.153809
0.0117188 0.0117188 0.020874
0.0703125 0.0703125 0.0820312
0.0117188 0.0117188 0.0281982
0.00732422 0.00732422 0.0146484
0.00732422 0.00732422 0.0146484
0.00732422 0.00732422 0.0219727
0.00732422 0.00732422 0.0146484
0.0146484 0.0305176 0.0231934
0.0878906 0.161133 0.0952148
0.0878906 0.161133 0.102539
0.0878906 0.161133 0.109863
0.0878906 0.161133 0.117188
0.0878906 0.161133 0.124512
0.0117188 0.0117188 0.0355225
0.0146484 0.0305176 0.0305176
0.0878906 0.161133 0.131836
0.0878906 0.161133 0.13916
0.0878906 0.161133 0.146484
0.0878906 0.161133 0.153809
0.0878906 0.161133 0.161133
0.0146484 0.0305176 0.0378418
0.161133 0.234375 0.168457
0.161133 0.234375 0.175781
0.161133 0.234375 0.183105
0.161133 0.234375 0.19043
0.161133 0.234375 0.197754
0.0378418 0.0378418 0.045166
0.146484 0.161133 0.205078
0.146484 0.161133 0.212402
0.146484 0.161133 0.219727
0.146484 0.161133 0.227051
0.146484 0.161133 0.234375
0.0378418 0.0378418 0.0524902
0.146484 0.161133 0.241699
0.146484 0.161133 0.249023
0.234375 0.249023 0.256348
0.234375 0.249023 0.263672
0.234375 0.249023 0.270996
0.00854492 0.00854492 0.0170898
0.0585938 0.0585938 0.0703125
0.0585938 0.0585938 0.0820312
0.0585938 0.0585938 0.09375
0.0524902 0.0524902 0.0598145
0.234375 0.249023 0.27832
0.234375 0.249023 0.285645
0.0820312 0.0820312 0.09375
0.0820312 0.0820312 0.105469
0.234375 0.249023 0.292969
0.234375 0.249023 0.300293
0.234375 0.249023 0.307617
0.0524902 0.0524902 0.0671387
0.234375 0.249023 0.314941
0.234375 0.249023 0.322266
0.0820312 0.0820312 0.117188
0.0820312 0.0820312 0.128906
0.234375 0.249023 0.32959
0.234375 0.249023 0.336914
0.234375 0.249023 0.344238
0.046875 0.046875 0.0585938
0.046875 0.046875 0.0703125
0.046875 0.046875 0.0820312
0.046875 0.046875 0.09375
0.046875 0.046875 0.105469
0.046875 0.046875 0.117188
0.00854492 0.00854492 0.0170898
0.046875 0.046875 0.128906
0.046875 0.046875 0.140625
0.046875 0.046875 0.152344
0.046875 0.046875 0.164062
0.046875 0.046875 0.175781
0.00732422 0.0219727 0.0219727
0.32959 0.344238 0.339233
0.32959 0.344238 0.346558
0.32959 0.344238 0.353882
0.0170898 0.0170898 0.0256348
0.00854492 0.00854492 0.0256348
0.046875 0.046875 0.1875
0.046875 0.046875 0.199219
0.046875 0.046875 0.210938
0.046875 0.046875 0.222656
0.046875 0.046875 0.234375
0.046875 0.046875 0.246094
0.046875 0.046875 0.257812
0.257812 0.257812 0.269531
0.257812 0.257812 0.28125
0.257812 0.257812 0.292969
0.257812 0.257812 0.304688
0.257812 0.257812 0.316406
0.257812 0.257812 0.328125
0.257812 0.257812 0.339844
0.257812 0.257812 0.351562
0.0117188 0.0117188 0.0234375
0.0117188 0.0117188 0.0234375
0.0256348 0.0256348 0.0373535
0.09375 0.09375 0.102295
0.0117188 0.0117188 0.019043
0.0117188 0.0117188 0.0263672
0.0146484 0.0146484 0.0219727
0.0117188 0.0117188 0.0351562
0.09375 0.09375 0.114014
0.0256348 0.0256348 0.0341797
0.257812 0.257812 0.363281
0.257812 0.257812 0.375
0.257812 0.257812 0.386719
0.257812 0.257812 0.398438
0.0256348 0.0256348 0.0473633
0.09375 0.09375 0.124023
0.0234375 0.0234375 0.0351562
0.0388184 0.0473633 0.057373
0.0388184 0.0473633 0.0673828
0.0654297 0.124023 0.134033
0.0654297 0.124023 0.144043
0.27832 0.351562 0.355103
0.0388184 0.0473633 0.0688477
0.0388184 0.0473633 0.0788574
0.0654297 0.124023 0.130615
0.0654297 0.124023 0.140625
0.0351562 0.0351562 0.046875
0.0234375 0.0234375 0.046875
0.0388184 0.0473633 0.0874023
0.00732422 0.00732422 0.0146484
0.0351562 0.0351562 0.046875
0.0351562 0.0351562 0.0585938
0.0874023 0.0874023 0.0991211
0.105469 0.105469 0.114014
0.0874023 0.0874023 0.107666
0.105469 0.105469 0.125732
0.0117188 0.0117188 0.0234375
0.0117188 0.0117188 0.0234375
0.0117188 0.0117188 0.0351562
0.212402 0.285645 0.260742
0.0117188 0.0117188 0.0351562
0.212402 0.285645 0.272461
0.0874023 0.0874023 0.119385
0.0874023 0.0874023 0.12793
0.105469 0.105469 0.134277
0.105469 0.105469 0.145996
0.105469 0.105469 0.157715
0.046875 0.046875 0.0585938
0.0874023 0.0874023 0.139648
0.0874023 0.0874023 0.148193
0.046875 0.046875 0.0585938
0.105469 0.105469 0.16626
0.16626 0.16626 0.177979
0.16626 0.16626 0.189697
0.0585938 0.0585938 0.0703125
0.0585938 0.0585938 0.0703125
0.148193 0.148193 0.159912
0.148193 0.148193 0.168457
0.16626 0.16626 0.198242
0.0234375 0.0234375 0.0351562
0.0234375 0.0234375 0.046875
0.16626 0.16626 0.209961
0.0585938 0.0585938 0.0820312
0.16626 0.16626 0.22168
0.16626 0.16626 0.233398
0.148193 0.148193 0.180176
0.16626 0.16626 0.241943
0.0585938 0.0585938 0.09375
0.0585938 0.0585938 0.0820312
0.16626 0.16626 0.253662
0.148193 0.148193 0.188721
0.16626 0.16626 0.265381
0.16626 0.16626 0.2771
0.139648 0.148193 0.188721
0.139648 0.148193 0.197266
0.139648 0.148193 0.205811
0.131104 0.16626 0.253662
0.253662 0.288818 0.265381
0.253662 0.288818 0.2771
0.253662 0.288818 0.288818
0.197266 0.205811 0.214355
0.0307617 0.0527344 0.0610352
0.0307617 0.0527344 0.0693359
0.0307617 0.0527344 0.0766602
0.0307617 0.0527344 0.0839844
0.0307617 0.0527344 0.0913086
0.0307617 0.0527344 0.0986328
0.0307617 0.0527344 0.105957
0.0307617 0.0527344 0.114258
0.0307617 0.0527344 0.121582
0.0307617 0.0527344 0.128906
0.0307617 0.0527344 0.13623
0.0307617 0.0527344 0.143555
0.0307617 0.0527344 0.150879
0.0307617 0.0527344 0.15918
0.0307617 0.0527344 0.166504
0.0307617 0.0527344 0.173828
0.0585938 0.0585938 0.0703125
0.0585938 0.0585938 0.0820312
0.151855 0.173828 0.181152
0.151855 0.173828 0.188477
0.151855 0.173828 0.195801
0.151855 0.173828 0.203125
0.151855 0.173828 0.210449
0.0585938 0.0585938 0.09375
0.151855 0.173828 0.217773
0.0585938 0.0585938 0.105469
0.151855 0.173828 0.225098
0.0585938 0.0585938 0.117188
0.151855 0.173828 0.232422
0.0585938 0.0585938 0.128906
0.0585938 0.0585938 0.140625
0.151855 0.173828 0.240723
0.205811 0.214355 0.2229
0.288818 0.288818 0.300537
0.151855 0.173828 0.249023
0.151855 0.173828 0.257324
0.151855 0.173828 0.264648
0.151855 0.173828 0.271973
0.151855 0.173828 0.280273
0.0380859 0.0380859 0.0454102
0.151855 0.173828 0.287598
0.151855 0.173828 0.294922
0.0585938 0.0585938 0.152344
0.0585938 0.0585938 0.164062
0.151855 0.173828 0.302246
0.151855 0.173828 0.30957
0.287598 0.30957 0.316895
0.00854492 0.0256348 0.0256348
0.287598 0.30957 0.325195
0.140625 0.351562 0.23584
0.140625 0.351562 0.246094
0.140625 0.351562 0.257812
0.140625 0.351562 0.269531
0.140625 0.351562 0.28125
0.140625 0.351562 0.292969
0.140625 0.351562 0.304688
0.140625 0.351562 0.316406
0.140625 0.351562 0.328125
0.140625 0.351562 0.339844
0.140625 0.351562 0.351562
0.287598 0.30957 0.311523
0.0454102 0.0454102 0.0527344
0.164062 0.164062 0.175781
0.164062 0.164062 0.1875
0.287598 0.30957 0.318848
0.287598 0.30957 0.326172
0.287598 0.30957 0.333496
0.287598 0.30957 0.34082
0.287598 0.30957 0.349121
0.287598 0.30957 0.356445
0.287598 0.30957 0.364746
0.0454102 0.0454102 0.0600586
0.287598 0.30957 0.37207
0.287598 0.30957 0.379395
0.164062 0.164062 0.199219
0.164062 0.164062 0.210938
0.287598 0.30957 0.387695
0.287598 0.30957 0.39502
0.39502 0.416992 0.402344
0.39502 0.416992 0.409668
0.0170898 0.0341797 0.0341797
0.269531 0.480469 0.363281
0.269531 0.480469 0.373779
0.269531 0.480469 0.385498
0.269531 0.480469 0.397217
0.269531 0.480469 0.408936
0.0600586 0.0600586 0.0673828
0.39502 0.416992 0.416992
0.39502 0.416992 0.424316
0.210938 0.210938 0.222656
0.210938 0.210938 0.234375
0.39502 0.416992 0.431641
0.39502 0.416992 0.438965
0.39502 0.416992 0.446289
0.046875 0.046875 0.0585938
0.214355 0.2229 0.2229
0.300537 0.300537 0.312256
0.0703125 0.0820312 0.0776367
0.300537 0.300537 0.323975
0.00854492 0.0170898 0.0341797
0.128906 0.269531 0.332764
0.128906 0.269531 0.344482
0.128906 0.269531 0.356201
0.128906 0.269531 0.36792
0.128906 0.269531 0.379639
0.128906 0.269531 0.382568
0.128906 0.269531 0.394287
0.128906 0.269531 0.397217
0.28125 0.421875 0.408936
0.28125 0.421875 0.411865
0.28125 0.421875 0.423584
0.28125 0.421875 0.426514
0.28125 0.421875 0.438232
0.28125 0.421875 0.449951
0.0256348 0.0341797 0.0341797
0.28125 0.421875 0.363281
0.28125 0.421875 0.375
0.28125 0.421875 0.386719
0.28125 0.421875 0.398438
0.28125 0.421875 0.410156
0.152588 0.201172 0.178955
0.00732422 0.0146484 0.0219727
0.00732422 0.0146484 0.0292969
0.00732422 0.0146484 0.0366211
0.00732422 0.0146484 0.0439453
0.152588 0.201172 0.178223
0.0673828 0.0673828 0.074707
0.415527 0.415527 0.422852
0.415527 0.415527 0.430176
0.234375 0.234375 0.246094
0.234375 0.234375 0.257812
0.415527 0.415527 0.4375
0.415527 0.415527 0.444824
0.415527 0.415527 0.452148
0.0673828 0.0673828 0.0820312
0.415527 0.415527 0.459473
0.415527 0.415527 0.466797
0.234375 0.234375 0.269531
0.234375 0.234375 0.28125
0.415527 0.415527 0.474121
0.415527 0.415527 0.481445
0.415527 0.415527 0.48877
0.0673828 0.0673828 0.0893555
0.415527 0.415527 0.496094
0.415527 0.415527 0.503418
0.234375 0.234375 0.292969
0.234375 0.234375 0.304688
0.415527 0.415527 0.510742
0.415527 0.415527 0.518066
0.415527 0.415527 0.525391
0.0673828 0.0673828 0.0966797
0.415527 0.415527 0.532715
0.415527 0.415527 0.540039
0.540039 0.540039 0.547363
0.540039 0.540039 0.554688
0.540039 0.540039 0.562012
0.0117188 0.0117188 0.0234375
0.0585938 0.0966797 0.104004
0.418945 0.540039 0.569092
0.418945 0.540039 0.576416
0.418945 0.540039 0.58374
0.418945 0.540039 0.591064
0.418945 0.540039 0.598389
0.0585938 0.0966797 0.101318
0.418945 0.540039 0.589355
0.418945 0.540039 0.59668
0.418945 0.540039 0.604004
0.418945 0.540039 0.611328
0.418945 0.540039 0.618652
0.0227051 0.0227051 0.0344238
0.0234375 0.0234375 0.0351562
0.0227051 0.0227051 0.0461426
0.0234375 0.0234375 0.046875
0.152344 0.152344 0.28125
0.152344 0.152344 0.292969
0.152344 0.152344 0.304688
0.152344 0.152344 0.316406
0.152344 0.152344 0.328125
0.152344 0.152344 0.339844
0.152344 0.152344 0.351562
0.109863 0.270996 0.209229
0.109863 0.270996 0.212402
0.109863 0.270996 0.219727
0.13916 0.227051 0.227051
0.13916 0.227051 0.234375
0.13916 0.227051 0.241699
0.0117188 0.0234375 0.0234375
0.0117188 0.0234375 0.0234375
0.0117188 0.0351562 0.0234375
0.0117188 0.0351562 0.0234375
0.0292969 0.0439453 0.0524902
0.13916 0.227051 0.247314
0.13916 0.227051 0.254639
0.13916 0.227051 0.261963
0.13916 0.227051 0.269287
0.13916 0.227051 0.276611
0.0117188 0.0234375 0.0351562
0.0158691 0.045166 0.045166
0.102539 0.241699 0.249023
0.102539 0.241699 0.256348
0.102539 0.241699 0.263672
0.102539 0.241699 0.270996
0.102539 0.241699 0.27832
0.0117188 0.0234375 0.0351562
0.0117188 0.0234375 0.0351562
0.0234375 0.0351562 0.0351562
0.0117188 0.0234375 0.036377
0.0117188 0.0234375 0.0351562
0.0117188 0.0234375 0.0351562
0.0117188 0.0117188 0.09375
0.0117188 0.0117188 0.105469
0.0117188 0.0117188 0.117188
0.0117188 0.0117188 0.128906
0.0117188 0.0117188 0.140625
0.0351562 0.0703125 0.046875
0.0952148 0.124512 0.131836
0.0952148 0.124512 0.13916
0.0952148 0.124512 0.146484
0.0234375 0.046875 0.0585938
0.0703125 0.199219 0.107788
0.0703125 0.199219 0.119507
0.0234375 0.046875 0.0585938
0.0703125 0.199219 0.122437
0.0703125 0.199219 0.134155
0.0703125 0.199219 0.137085
0.0703125 0.199219 0.148804
0.0703125 0.199219 0.160522
0.0703125 0.199219 0.172241
0.0234375 0.0585938 0.0585938
0.0234375 0.0585938 0.0697021
0.0234375 0.046875 0.0585938
0.0234375 0.046875 0.0585938
0.0234375 0.0585938 0.0585938
0.0117188 0.0117188 0.0212402
0.0234375 0.0585938 0.0585938
0.0256348 0.0256348 0.0341797
0.0256348 0.0256348 0.0427246
0.0256348 0.0256348 0.0512695
0.0256348 0.0256348 0.0598145
0.0256348 0.0256348 0.0683594
0.0256348 0.0256348 0.0769043
0.0256348 0.0256348 0.0854492
0.0256348 0.0256348 0.0939941
0.0234375 0.046875 0.0585938
0.0234375 0.046875 0.0585938
0.09375 0.164062 0.175781
0.0219727 0.117188 0.117188
0.0219727 0.117188 0.124512
0.09375 0.164062 0.1875
0.09375 0.164062 0.199219
0.0219727 0.117188 0.131836
0.0219727 0.117188 0.13916
0.0219727 0.117188 0.146484
0.0234375 0.046875 0.0585938
0.0234375 0.046875 0.0585938
0.0219727 0.117188 0.13916
0.0219727 0.117188 0.146484
0.0234375 0.046875 0.046875
0.0234375 0.046875 0.046875
0.0234375 0.046875 0.046875
0.0234375 0.046875 0.046875
0.0234375 0.046875 0.0585938
0.0234375 0.046875 0.0585938
0.0234375 0.046875 0.0585938
0.046875 0.0703125 0.0585938
0.00732422 0.00732422 0.0146484
0.0512695 0.0732422 0.0585938
0.0512695 0.0732422 0.065918
0.0512695 0.0732422 0.0732422
0.0512695 0.0732422 0.0805664
0.0512695 0.0732422 0.0878906
0.0351562 0.0585938 0.0585938
0.0351562 0.0585938 0.0585938
0.0351562 0.0585938 0.0703125
0.0234375 0.046875 0.0703125
0.0703125 0.0703125 0.0820312
0.0234375 0.0234375 0.0351562
0.0234375 0.0234375 0.046875
0.0703125 0.0703125 0.09375
0.0703125 0.0703125 0.105469
0.0234375 0.0234375 0.0585938
0.046875 0.0703125 0.0703125
0.0703125 0.0703125 0.117188
0.0234375 0.0234375 0.0703125
0.0703125 0.0703125 0.128906
0.0234375 0.0234375 0.0820312
0.0703125 0.0703125 0.140625
0.0703125 0.0703125 0.152344
0.0234375 0.0234375 0.09375
0.0703125 0.0703125 0.164062
0.046875 0.0703125 0.0703125
0.0703125 0.0703125 0.175781
0.0234375 0.0234375 0.105469
0.0234375 0.0234375 0.117188
0.0234375 0.0234375 0.128906
0.0703125 0.0703125 0.1875
0.0703125 0.0703125 0.199219
0.0234375 0.0234375 0.140625
0.0703125 0.0703125 0.210938
0.0703125 0.0703125 0.222656
0.0234375 0.0234375 0.152344
0.152344 0.152344 0.164062
0.222656 0.222656 0.234375
0.0585938 0.0585938 0.0703125
0.152344 0.152344 0.175781
0.0585938 0.0585938 0.0820312
0.222656 0.222656 0.246094
0.0585938 0.0585938 0.09375
0.0585938 0.0585938 0.105469
0.0585938 0.0585938 0.117188
0.222656 0.222656 0.257812
0.0585938 0.0585938 0.128906
0.0585938 0.0585938 0.140625
0.222656 0.222656 0.269531
0.0585938 0.0585938 0.152344
0.0585938 0.0585938 0.164062
0.222656 0.222656 0.28125
0.0585938 0.0585938 0.175781
0.0585938 0.0585938 0.1875
0.222656 0.222656 0.292969
0.0585938 0.0585938 0.199219
0.0585938 0.0585938 0.210938
0.222656 0.222656 0.304688
0.0585938 0.0585938 0.222656
0.0585938 0.0585938 0.234375
0.222656 0.222656 0.316406
0.0585938 0.0585938 0.246094
0.0585938 0.0585938 0.257812
0.0585938 0.0585938 0.269531
0.222656 0.222656 0.328125
0.269531 0.269531 0.28125
0.269531 0.269531 0.292969
0.269531 0.269531 0.304688
0.328125 0.328125 0.339844
0.269531 0.269531 0.316406
0.269531 0.269531 0.328125
0.0117188 0.046875 0.0585938
0.269531 0.269531 0.339844
0.328125 0.328125 0.351562
0.269531 0.269531 0.351562
0.0117188 0.0117188 0.0234375
0.328125 0.328125 0.363281
0.328125 0.328125 0.375
0.0117188 0.0117188 0.0351562
0.328125 0.328125 0.386719
0.328125 0.328125 0.398438
0.328125 0.328125 0.410156
0.0117188 0.0117188 0.046875
0.328125 0.328125 0.421875
0.328125 0.328125 0.433594
0.0234375 0.046875 0.0585938
0.328125 0.328125 0.445312
0.0117188 0.0117188 0.0234375
0.328125 0.328125 0.457031
0.0117188 0.0117188 0.0351562
0.328125 0.328125 0.46875
0.0117188 0.0117188 0.046875
0.328125 0.328125 0.480469
0.328125 0.328125 0.492188
0.328125 0.328125 0.503906
0.503906 0.503906 0.515625
0.503906 0.503906 0.527344
0.503906 0.503906 0.539062
0.503906 0.503906 0.550781
0.046875 0.046875 0.0585938
0.503906 0.503906 0.5625
0.503906 0.503906 0.574219
0.503906 0.503906 0.585938
0.046875 0.046875 0.0585938
0.503906 0.503906 0.597656
0.503906 0.503906 0.609375
0.503906 0.503906 0.621094
0.503906 0.503906 0.632812
0.503906 0.503906 0.644531
0.046875 0.046875 0.0703125
0.0108643 0.0108643 0.022583
0.503906 0.503906 0.65625
0.503906 0.503906 0.667969
0.503906 0.503906 0.679688
0.046875 0.046875 0.0820312
0.503906 0.503906 0.691406
0.503906 0.503906 0.703125
0.503906 0.503906 0.714844
0.046875 0.046875 0.09375
0.503906 0.503906 0.726562
0.503906 0.503906 0.738281
0.503906 0.503906 0.75
0.0117188 0.0117188 0.0234375
0.046875 0.046875 0.105469
0.503906 0.503906 0.761719
0.761719 0.761719 0.773438
0.761719 0.761719 0.785156
0.105469 0.105469 0.117188
0.761719 0.761719 0.796875
0.761719 0.761719 0.808594
0.761719 0.761719 0.820312
0.761719 0.761719 0.832031
0.105469 0.105469 0.128906
0.761719 0.761719 0.84375
0.761719 0.761719 0.855469
0.761719 0.761719 0.867188
0.022583 0.022583 0.0343018
0.761719 0.761719 0.878906
0.105469 0.105469 0.140625
0.761719 0.761719 0.890625
0.761719 0.761719 0.902344
0.0234375 0.0234375 0.0351562
0.761719 0.761719 0.914062
0.0234375 0.0234375 0.0351562
0.105469 0.105469 0.152344
0.761719 0.761719 0.925781
0.761719 0.761719 0.9375
0.761719 0.761719 0.949219
0.761719 0.761719 0.960938
0.105469 0.105469 0.164062
0.761719 0.761719 0.972656
0.0234375 0.0585938 0.0351562
0.761719 0.761719 0.984375
0.761719 0.761719 0.996094
0.761719 0.761719 1.00781
0.105469 0.105469 0.175781
0.9375 1.00781 1.01953
0.9375 1.00781 1.03125
0.9375 1.00781 1.04297
0.0585938 0.0585938 0.0703125
0.9375 1.00781 1.05469
0.9375 1.00781 1.06641
0.0585938 0.0585938 0.0820312
0.9375 1.00781 1.07812
0.0585938 0.0585938 0.09375
0.9375 1.00781 1.08984
0.0585938 0.0585938 0.105469
0.0585938 0.0585938 0.117188
0.9375 1.00781 1.10156
0.0585938 0.0585938 0.128906
0.9375 1.00781 1.11328
0.0585938 0.0585938 0.140625
0.9375 1.00781 1.125
0.0585938 0.0585938 0.152344
0.0585938 0.0585938 0.164062
0.9375 1.00781 1.13672
0.0585938 0.0585938 0.175781
0.9375 1.00781 1.14844
0.9375 1.00781 1.16016
0.9375 1.00781 1.17188
0.9375 1.00781 1.18359
0.175781 0.175781 0.1875
0.9375 1.00781 1.19531
0.9375 1.00781 1.20703
0.9375 1.00781 1.21875
0.0351562 0.0351562 0.046875
0.9375 1.00781 1.23047
0.1875 0.1875 0.199219
1.16016 1.23047 1.24219
1.16016 1.23047 1.25391
1.16016 1.23047 1.26562
1.16016 1.23047 1.27734
0.1875 0.1875 0.210938
1.16016 1.23047 1.28906
1.16016 1.23047 1.30078
1.16016 1.23047 1.3125
0.1875 0.1875 0.222656
1.16016 1.23047 1.32422
1.16016 1.23047 1.33594
1.16016 1.23047 1.34766
1.16016 1.23047 1.35938
0.1875 0.1875 0.234375
1.16016 1.23047 1.37109
1.16016 1.23047 1.38281
1.16016 1.23047 1.39453
0.046875 0.046875 0.0585938
0.1875 0.1875 0.246094
1.16016 1.23047 1.40625
1.16016 1.23047 1.41602
1.16016 1.23047 1.42773
1.16016 1.23047 1.43066
0.1875 0.1875 0.257812
1.16016 1.23047 1.44092
1.16016 1.23047 1.45264
0.1875 0.1875 0.269531
0.0117188 0.0117188 0.0234375
0.1875 0.1875 0.28125
0.046875 0.046875 0.0703125
0.1875 0.1875 0.292969
0.175781 0.175781 0.1875
0.175781 0.175781 0.199219
0.175781 0.175781 0.210938
0.175781 0.175781 0.222656
0.175781 0.175781 0.234375
0.175781 0.175781 0.246094
0.175781 0.175781 0.257812
0.175781 0.175781 0.269531
0.175781 0.175781 0.28125
0.175781 0.175781 0.292969
0.292969 0.292969 0.304688
0.292969 0.292969 0.316406
0.292969 0.292969 0.328125
0.0703125 0.0703125 0.0820312
0.292969 0.292969 0.339844
0.292969 0.292969 0.351562
0.292969 0.292969 0.363281
0.292969 0.292969 0.375
0.0703125 0.0703125 0.09375
0.292969 0.292969 0.386719
0.292969 0.292969 0.398438
0.292969 0.292969 0.410156
0.175781 0.175781 0.304688
0.175781 0.175781 0.316406
0.175781 0.175781 0.328125
0.328125 0.328125 0.339844
0.328125 0.328125 0.351562
0.328125 0.328125 0.363281
0.328125 0.328125 0.375
0.328125 0.328125 0.386719
0.328125 0.328125 0.398438
0.328125 0.328125 0.410156
0.410156 0.410156 0.421875
0.09375 0.09375 0.105469
0.328125 0.328125 0.421875
0.410156 0.410156 0.433594
0.410156 0.410156 0.445312
0.00732422 0.00732422 0.0146484
0.410156 0.410156 0.457031
0.0366211 0.0366211 0.0439453
0.0366211 0.0366211 0.0512695
0.0366211 0.0366211 0.0585938
0.0366211 0.0366211 0.065918
0.0366211 0.0366211 0.0732422
0.410156 0.410156 0.46875
0.09375 0.09375 0.117188
0.410156 0.410156 0.480469
0.410156 0.410156 0.492188
0.410156 0.410156 0.503906
0.410156 0.410156 0.515625
0.09375 0.09375 0.128906
0.410156 0.410156 0.527344
0.410156 0.410156 0.539062
0.328125 0.328125 0.433594
0.328125 0.328125 0.445312
0.328125 0.328125 0.457031
0.457031 0.457031 0.46875
0.457031 0.457031 0.480469
0.457031 0.457031 0.492188
0.457031 0.457031 0.503906
0.457031 0.457031 0.515625
0.457031 0.457031 0.527344
0.457031 0.457031 0.539062
0.539062 0.539062 0.550781
0.0117188 0.0117188 0.0234375
0.539062 0.539062 0.5625
0.128906 0.128906 0.140625
0.539062 0.539062 0.574219
0.539062 0.539062 0.585938
0.539062 0.539062 0.597656
0.539062 0.539062 0.609375
0.128906 0.128906 0.152344
0.539062 0.539062 0.621094
0.539062 0.539062 0.632812
0.539062 0.539062 0.644531
0.539062 0.539062 0.65625
0.128906 0.128906 0.164062
0.457031 0.457031 0.550781
0.457031 0.457031 0.5625
0.457031 0.457031 0.574219
0.457031 0.457031 0.585938
0.457031 0.457031 0.597656
0.457031 0.457031 0.609375
0.457031 0.457031 0.621094
0.457031 0.457031 0.632812
0.457031 0.457031 0.644531
0.457031 0.457031 0.65625
0.539062 0.539062 0.667969
0.667969 0.667969 0.679688
0.667969 0.667969 0.691406
0.667969 0.667969 0.703125
0.164062 0.164062 0.175781
0.667969 0.667969 0.714844
0.667969 0.667969 0.726562
0.667969 0.667969 0.738281
0.667969 0.667969 0.75
0.0146484 0.0146484 0.0219727
0.164062 0.164062 0.1875
0.667969 0.667969 0.761719
0.0732422 0.0732422 0.0805664
0.0732422 0.0732422 0.0878906
0.0732422 0.0732422 0.0952148
0.0732422 0.0732422 0.102539
0.0732422 0.0732422 0.109863
0.667969 0.667969 0.773438
0.65625 0.65625 0.667969
0.0234375 0.0234375 0.0323486
0.65625 0.65625 0.679688
0.65625 0.65625 0.691406
0.65625 0.65625 0.703125
0.65625 0.65625 0.714844
0.65625 0.65625 0.726562
0.65625 0.65625 0.738281
0.65625 0.65625 0.75
0.65625 0.65625 0.761719
0.65625 0.65625 0.773438
0.0117188 0.0117188 0.0234375
0.773438 0.773438 0.785156
0.773438 0.773438 0.796875
0.1875 0.1875 0.199219
0.773438 0.773438 0.808594
0.773438 0.773438 0.820312
0.773438 0.773438 0.785156
0.773438 0.773438 0.796875
0.773438 0.773438 0.808594
0.773438 0.773438 0.820312
0.773438 0.773438 0.832031
0.761719 0.773438 0.832031
0.761719 0.773438 0.84375
0.1875 0.1875 0.210938
0.761719 0.773438 0.855469
0.0117188 0.0117188 0.0234375
0.761719 0.773438 0.867188
0.761719 0.773438 0.878906
0.761719 0.773438 0.890625
0.1875 0.1875 0.222656
0.761719 0.773438 0.902344
0.761719 0.773438 0.914062
0.761719 0.773438 0.925781
0.109863 0.109863 0.117188
0.109863 0.109863 0.124512
0.761719 0.773438 0.9375
0.109863 0.109863 0.131836
0.1875 0.1875 0.234375
0.761719 0.773438 0.949219
0.761719 0.773438 0.84375
0.761719 0.773438 0.855469
0.84375 0.855469 0.867188
0.84375 0.855469 0.878906
0.84375 0.855469 0.890625
0.84375 0.855469 0.902344
0.84375 0.855469 0.914062
0.84375 0.855469 0.925781
0.84375 0.855469 0.9375
0.84375 0.855469 0.949219
0.9375 0.949219 0.960938
0.9375 0.949219 0.972656
0.9375 0.949219 0.984375
0.234375 0.234375 0.246094
0.9375 0.949219 0.996094
0.0820312 0.292969 0.245361
0.0820312 0.292969 0.25708
0.0820312 0.292969 0.26001
0.0820312 0.292969 0.271729
0.9375 0.949219 1.00781
0.0820312 0.292969 0.274658
0.9375 0.949219 1.01953
0.9375 0.949219 1.03125
0.234375 0.234375 0.257812
0.9375 0.949219 1.04297
0.9375 0.949219 1.05469
0.9375 0.949219 1.06641
0.84375 0.855469 0.960938
0.84375 0.855469 0.972656
0.84375 0.855469 0.984375
0.84375 0.855469 0.996094
0.84375 0.855469 1.00781
0.84375 0.855469 1.01953
1.00781 1.01953 1.03125
1.00781 1.01953 1.04297
1.00781 1.01953 1.05469
1.00781 1.01953 1.06641
1.05469 1.06641 1.07812
0.257812 0.257812 0.269531
1.05469 1.06641 1.08984
1.05469 1.06641 1.10156
1.05469 1.06641 1.10962
1.05469 1.06641 1.12134
0.257812 0.257812 0.28125
1.00781 1.01953 1.07812
1.00781 1.01953 1.08984
1.00781 1.01953 1.10156
1.00781 1.01953 1.11328
1.00781 1.01953 1.125
0.0117188 0.0117188 0.0234375
0.0234375 0.0234375 0.0351562
0.0234375 0.0234375 0.0351562
0.0117188 0.0117188 0.019043
0.0234375 0.0234375 0.0351562
0.0117188 0.0117188 0.0351562
0.0234375 0.0234375 0.046875
0.0234375 0.0234375 0.046875
0.0234375 0.0234375 0.046875
0.0117188 0.0117188 0.046875
0.046875 0.046875 0.0585938
0.046875 0.046875 0.0585938
0.00732422 0.00732422 0.019043
0.0117188 0.0117188 0.0234375
0.046875 0.046875 0.0585938
0.046875 0.046875 0.0585938
0.046875 0.046875 0.0703125
0.046875 0.046875 0.0703125
0.046875 0.046875 0.0703125
0.046875 0.046875 0.0703125
0.046875 0.046875 0.0820312
0.046875 0.046875 0.0820312
0.046875 0.046875 0.0820312
0.046875 0.046875 0.0820312
0.00732422 0.00732422 0.0146484
0.0703125 0.0820312 0.0820312
0.0703125 0.0820312 0.09375
0.0820312 0.0820312 0.09375
0.0820312 0.0820312 0.09375
0.0703125 0.0820312 0.09375
0.0703125 0.0820312 0.105469
0.0820312 0.0820312 0.105469
0.0820312 0.0820312 0.105469
0.0703125 0.0820312 0.105469
0.0703125 0.0820312 0.117188
0.019043 0.019043 0.0307617
0.0206299 0.0206299 0.0301514
0.0820312 0.0820312 0.117188
0.0820312 0.0820312 0.117188
0.0703125 0.0820312 0.117188
0.0703125 0.0820312 0.128906
0.0820312 0.0820312 0.128906
0.0820312 0.0820312 0.128906
0.0703125 0.0820312 0.128906
0.0703125 0.0820312 0.140625
0.131836 0.131836 0.13916
0.131836 0.131836 0.146484
0.0820312 0.0820312 0.140625
0.0820312 0.0820312 0.140625
0.131836 0.131836 0.153809
0.131836 0.131836 0.161133
0.128906 0.140625 0.140625
0.128906 0.140625 0.152344
0.161133 0.161133 0.168457
0.0307617 0.0307617 0.0394287
0.140625 0.140625 0.152344
0.140625 0.140625 0.152344
0.00732422 0.00732422 0.019043
0.00732422 0.00732422 0.0307617
0.128906 0.140625 0.152344
0.128906 0.140625 0.164062
0.0301514 0.0301514 0.0390625
0.140625 0.140625 0.164062
0.140625 0.140625 0.164062
0.128906 0.140625 0.164062
0.128906 0.140625 0.164062
0.140625 0.140625 0.175781
0.140625 0.140625 0.175781
0.128906 0.140625 0.175781
0.128906 0.140625 0.175781
0.140625 0.140625 0.1875
0.140625 0.140625 0.1875
0.128906 0.140625 0.1875
0.128906 0.140625 0.1875
0.140625 0.140625 0.199219
0.140625 0.140625 0.199219
0.00805664 0.00805664 0.0161133
0.0117188 0.0117188 0.0234375
0.00805664 0.00805664 0.0241699
0.00854492 0.00854492 0.0170898
0.168457 0.168457 0.175781
0.168457 0.168457 0.183105
0.1875 0.199219 0.199219
0.168457 0.168457 0.19043
0.1875 0.1875 0.199219
0.199219 0.199219 0.210938
0.199219 0.199219 0.210938
0.1875 0.1875 0.210938
0.1875 0.1875 0.210938
0.0219727 0.0219727 0.0292969
0.168457 0.168457 0.197754
0.168457 0.168457 0.205078
0.168457 0.168457 0.212402
0.168457 0.168457 0.219727
0.168457 0.168457 0.227051
0.0234375 0.0234375 0.0351562
0.034668 0.034668 0.0463867
0.0234375 0.0234375 0.046875
0.034668 0.034668 0.0576172
0.0234375 0.0234375 0.0585938
0.210938 0.210938 0.222656
0.0292969 0.0292969 0.0366211
0.210938 0.210938 0.222656
0.227051 0.227051 0.234375
0.227051 0.227051 0.241699
0.227051 0.227051 0.249023
0.227051 0.227051 0.256348
0.227051 0.227051 0.263672
0.210938 0.210938 0.222656
0.210938 0.210938 0.222656
0.210938 0.210938 0.234375
0.210938 0.210938 0.234375
0.0292969 0.0292969 0.0439453
0.227051 0.227051 0.270996
0.227051 0.227051 0.27832
0.0117188 0.0117188 0.0234375
0.27832 0.27832 0.285645
0.27832 0.27832 0.292969
0.27832 0.27832 0.300293
0.222656 0.222656 0.234375
0.222656 0.222656 0.234375
0.00854492 0.00854492 0.0170898
0.0439453 0.0439453 0.0512695
0.27832 0.27832 0.307617
0.27832 0.27832 0.314941
0.27832 0.27832 0.322266
0.27832 0.27832 0.32959
0.27832 0.27832 0.336914
0.00854492 0.00854492 0.0170898
0.0585938 0.0585938 0.0703125
0.0585938 0.0585938 0.0820312
0.0585938 0.0585938 0.09375
0.0585938 0.0585938 0.105469
0.0585938 0.0585938 0.117188
0.0585938 0.0585938 0.128906
0.0585938 0.0585938 0.140625
0.0585938 0.0585938 0.152344
0.0585938 0.0585938 0.164062
0.0585938 0.0585938 0.175781
0.0585938 0.0585938 0.1875
0.0585938 0.0585938 0.199219
0.0585938 0.0585938 0.210938
0.0585938 0.0585938 0.222656
0.0585938 0.0585938 0.234375
0.0585938 0.0585938 0.246094
0.0585938 0.0585938 0.257812
0.0585938 0.0585938 0.269531
0.269531 0.269531 0.28125
0.269531 0.269531 0.292969
0.269531 0.269531 0.304688
0.269531 0.269531 0.316406
0.269531 0.269531 0.328125
0.269531 0.269531 0.339844
0.269531 0.269531 0.351562
0.269531 0.269531 0.363281
0.269531 0.269531 0.375
0.269531 0.269531 0.386719
0.269531 0.269531 0.398438
0.0512695 0.0512695 0.0598145
0.336914 0.336914 0.344238
0.336914 0.336914 0.351562
0.336914 0.336914 0.358887
0.336914 0.336914 0.366211
0.336914 0.336914 0.373535
0.0512695 0.0512695 0.0671387
0.336914 0.336914 0.380859
0.336914 0.336914 0.388184
0.336914 0.336914 0.395508
0.336914 0.336914 0.402832
0.336914 0.336914 0.410156
0.0170898 0.0170898 0.0256348
0.398438 0.398438 0.410156
0.398438 0.398438 0.421875
0.398438 0.398438 0.433594
0.398438 0.398438 0.445312
0.398438 0.398438 0.457031
0.410156 0.410156 0.41748
0.410156 0.410156 0.424805
0.0671387 0.0671387 0.0744629
0.410156 0.410156 0.432129
0.410156 0.410156 0.439453
0.410156 0.410156 0.446777
0.410156 0.410156 0.454102
0.410156 0.410156 0.461426
0.0671387 0.0671387 0.0817871
0.410156 0.410156 0.46875
0.410156 0.410156 0.476074
0.410156 0.410156 0.483398
0.410156 0.410156 0.490723
0.410156 0.410156 0.498047
0.0671387 0.0671387 0.0891113
0.410156 0.410156 0.505371
0.505371 0.505371 0.512695
0.046875 0.046875 0.0585938
0.046875 0.046875 0.0703125
0.505371 0.505371 0.52002
0.505371 0.505371 0.527344
0.505371 0.505371 0.534668
0.0891113 0.0891113 0.0964355
0.505371 0.505371 0.541992
0.505371 0.505371 0.549316
0.046875 0.046875 0.0820312
0.046875 0.046875 0.09375
0.505371 0.505371 0.556641
0.505371 0.505371 0.563965
0.505371 0.505371 0.571289
0.0891113 0.0891113 0.10376
0.505371 0.505371 0.578613
0.505371 0.505371 0.585938
0.046875 0.046875 0.105469
0.046875 0.046875 0.117188
0.505371 0.505371 0.593262
0.505371 0.505371 0.600586
0.505371 0.505371 0.60791
0.505371 0.505371 0.615234
0.505371 0.505371 0.622559
0.02771 0.02771 0.0350342
0.0817871 0.0891113 0.111084
0.46875 0.505371 0.629883
0.593262 0.629883 0.637207
0.593262 0.629883 0.644531
0.593262 0.629883 0.651855
0.593262 0.629883 0.65918
0.10376 0.111084 0.118408
0.593262 0.629883 0.666504
0.593262 0.629883 0.673828
0.593262 0.629883 0.681152
0.593262 0.629883 0.688477
0.593262 0.629883 0.695801
0.0117188 0.0117188 0.0234375
0.0117188 0.0117188 0.0351562
0.0117188 0.0117188 0.0234375
0.10376 0.111084 0.118408
0.593262 0.629883 0.673706
0.593262 0.629883 0.68103
0.593262 0.629883 0.688354
0.593262 0.629883 0.695679
0.593262 0.629883 0.695801
0.10376 0.111084 0.125732
0.593262 0.629883 0.703125
0.593262 0.629883 0.710449
0.593262 0.629883 0.717773
0.593262 0.629883 0.725098
0.593262 0.629883 0.732422
0.695801 0.732422 0.739746
0.118408 0.125732 0.133057
0.695801 0.732422 0.74707
0.695801 0.732422 0.754395
0.695801 0.732422 0.761719
0.695801 0.732422 0.769043
0.695801 0.732422 0.776367
0.0371094 0.0371094 0.0488281
0.0371094 0.0371094 0.0605469
0.0605469 0.0605469 0.0690918
0.0605469 0.0605469 0.0776367
0.00854492 0.00854492 0.0202637
0.118408 0.125732 0.133057
0.118408 0.125732 0.141602
0.118408 0.125732 0.148926
0.118408 0.125732 0.157471
0.695801 0.732422 0.74707
0.695801 0.732422 0.754395
0.695801 0.732422 0.761719
0.695801 0.732422 0.769043
0.695801 0.732422 0.776367
0.695801 0.732422 0.783691
0.695801 0.732422 0.791016
0.695801 0.732422 0.79834
0.695801 0.732422 0.805664
0.695801 0.732422 0.812988
0.695801 0.732422 0.820312
0.695801 0.732422 0.827637
0.695801 0.732422 0.834961
0.695801 0.732422 0.842285
0.695801 0.732422 0.849609
0.849609 0.88623 0.856934
0.849609 0.88623 0.864258
0.849609 0.88623 0.871582
0.849609 0.88623 0.878906
0.849609 0.88623 0.88623
0.157471 0.164795 0.164795
0.849609 0.88623 0.893555
0.849609 0.88623 0.900879
0.849609 0.88623 0.908203
0.849609 0.88623 0.915527
0.849609 0.88623 0.922852
0.0117188 0.0117188 0.0234375
0.0117188 0.0117188 0.0202637
0.849609 0.849609 0.930176
0.849609 0.849609 0.9375
0.849609 0.849609 0.944824
0.849609 0.849609 0.952148
0.849609 0.849609 0.959473
0.00732422 0.00732422 0.0146484
0.0256348 0.0256348 0.0341797
0.457031 0.457031 0.46875
0.0234375 0.0234375 0.0351562
0.0234375 0.0234375 0.046875
0.457031 0.457031 0.480469
0.457031 0.457031 0.492188
0.457031 0.457031 0.503906
0.457031 0.457031 0.515625
0.457031 0.457031 0.527344
0.457031 0.457031 0.539062
0.457031 0.457031 0.550781
0.457031 0.457031 0.5625
0.457031 0.457031 0.574219
0.457031 0.457031 0.585938
0.457031 0.457031 0.597656
0.457031 0.457031 0.609375
0.457031 0.457031 0.621094
0.457031 0.457031 0.632812
0.457031 0.457031 0.644531
0.457031 0.457031 0.65625
0.457031 0.457031 0.667969
0.457031 0.457031 0.679688
0.457031 0.457031 0.691406
0.457031 0.457031 0.703125
0.457031 0.457031 0.714844
0.457031 0.457031 0.726562
0.457031 0.457031 0.738281
0.457031 0.457031 0.75
0.457031 0.457031 0.761719
0.457031 0.457031 0.773438
0.457031 0.457031 0.785156
0.785156 0.785156 0.796875
0.785156 0.785156 0.808594
0.0117188 0.0117188 0.0234375
0.0117188 0.0117188 0.0234375
0.0117188 0.0117188 0.0351562
0.0117188 0.0117188 0.046875
0.0117188 0.0117188 0.0585938
0.0117188 0.0117188 0.0703125
0.0117188 0.0234375 0.0351562
0.0170898 0.0170898 0.0256348
0.0117188 0.0117188 0.0820312
0.019043 0.019043 0.0263672
0.0234375 0.0234375 0.0351562
0.0117188 0.0117188 0.09375
0.0117188 0.0117188 0.105469
0.0117188 0.0117188 0.117188
0.0117188 0.0117188 0.124512
0.0117188 0.0117188 0.131836
0.019043 0.019043 0.0368652
0.0234375 0.0234375 0.046875
0.0117188 0.0117188 0.0234375
0.0234375 0.0234375 0.0351562
0.0117188 0.0117188 0.0351562
0.0234375 0.0234375 0.046875
0.0256348 0.0341797 0.0341797
0.75 0.808594 0.820312
0.75 0.808594 0.828125
0.75 0.808594 0.831055
0.75 0.808594 0.833984
0.046875 0.046875 0.0585938
0.046875 0.046875 0.0703125
0.0117188 0.0117188 0.0234375
0.900879 0.900879 0.908203
0.900879 0.900879 0.915527
0.900879 0.900879 0.922852
0.900879 0.900879 0.930176
0.900879 0.900879 0.9375
0.046875 0.046875 0.0585938
0.046875 0.046875 0.0703125
0.046875 0.046875 0.0820312
0.046875 0.046875 0.09375
0.046875 0.046875 0.105469
0.046875 0.046875 0.117188
0.046875 0.046875 0.128906
0.046875 0.046875 0.140625
0.046875 0.046875 0.152344
0.0351562 0.0351562 0.046875
0.0351562 0.0351562 0.0585938
0.0234375 0.0234375 0.0351562
0.0234375 0.0234375 0.0351562
0.0234375 0.0234375 0.046875
0.0234375 0.0234375 0.0351562
0.0234375 0.0234375 0.046875
0.9375 0.9375 0.945801
0.9375 0.9375 0.954102
0.9375 0.9375 0.962402
0.9375 0.9375 0.970703
0.9375 0.9375 0.979004
0.9375 0.9375 0.987305
0.9375 0.9375 0.995605
0.9375 0.9375 1.00391
0.9375 0.9375 1.01221
0.0585938 0.0585938 0.0703125
0.9375 0.9375 1.02051
0.9375 0.9375 1.02881
0.00805664 0.00805664 0.0153809
0.00805664 0.00805664 0.0270996
0.00805664 0.00805664 0.0153809
0.908203 0.9375 1.03711
0.0351562 0.0351562 0.046875
0.908203 0.9375 1.04541
1.01611 1.04541 1.05371
0.0159912 0.02771 0.0350342
1.01611 1.04541 1.06201
0.0109863 0.0109863 0.0227051
0.0117188 0.0117188 0.019043
0.0117188 0.0117188 0.0263672
1.01611 1.04541 1.07031
0.0146484 0.0146484 0.0219727
0.0117188 0.0117188 0.0344238
0.0109863 0.0109863 0.0344238
0.0146484 0.0146484 0.0300293
1.01611 1.04541 1.07861
0.0234375 0.0234375 0.0351562
1.01611 1.04541 1.08691
0.0170898 0.0170898 0.0256348
1.01611 1.04541 1.09521
1.01611 1.04541 1.10254
1.01611 1.04541 1.10986
1.01611 1.04541 1.11816
1.01611 1.04541 1.12549
1.01611 1.04541 1.13379
0.0703125 0.0703125 0.0820312
0.046875 0.046875 0.0585938
0.950195 1.00879 1.10083
1.04688 1.10547 1.09448
1.04688 1.10547 1.09912
1.04688 1.10547 1.10742
1.04688 1.10547 1.11475
0.0117188 0.0117188 0.0234375
1.04688 1.10547 1.12305
1.04688 1.10547 1.13135
0.0234375 0.0234375 0.0307617
0.0234375 0.0234375 0.0424805
1.04688 1.10547 1.13867
1.04688 1.10547 1.146
1.04688 1.10547 1.15332
1.04688 1.10547 1.16064
1.04688 1.10547 1.16797
1.04688 1.10547 1.17529
1.04688 1.10547 1.18262
1.04688 1.10547 1.18994
1.04688 1.10547 1.19727
1.04688 1.10547 1.20459
1.04688 1.10547 1.21289
1.04688 1.10547 1.22119
0.152344 0.152344 0.164062
0.152344 0.152344 0.175781
0.152344 0.152344 0.1875
0.152344 0.152344 0.199219
0.150146 0.157471 0.164795
0.152344 0.152344 0.210938
0.152344 0.152344 0.222656
0.152344 0.152344 0.234375
1.18457 1.24316 1.22852
1.18457 1.24316 1.23584
0.234375 0.234375 0.246094
0.234375 0.234375 0.257812
0.234375 0.234375 0.269531
1.18457 1.24316 1.24316
0.234375 0.234375 0.28125
0.234375 0.234375 0.292969
1.18457 1.24316 1.25049
0.234375 0.234375 0.304688
0.234375 0.234375 0.316406
0.234375 0.234375 0.328125
0.234375 0.234375 0.339844
0.234375 0.234375 0.351562
0.234375 0.234375 0.363281
0.234375 0.234375 0.375
0.234375 0.234375 0.386719
0.046875 0.046875 0.0585938
0.234375 0.234375 0.398438
0.234375 0.234375 0.410156
1.18457 1.24316 1.22119
0.046875 0.046875 0.0585938
1.18457 1.24316 1.22949
1.18457 1.24316 1.23779
1.1333 1.18457 1.24609
0.142822 0.157471 0.164795
1.1333 1.18457 1.25342
1.1333 1.18457 1.26074
1.1333 1.18457 1.26807
1.1333 1.18457 1.27539
1.1333 1.18457 1.28271
1.1333 1.18457 1.29102
1.23975 1.29102 1.29932
1.23975 1.29102 1.30762
0.0234375 0.0234375 0.0351562
0.150146 0.164795 0.172119
1.23975 1.29102 1.31494
1.23975 1.29102 1.32227
1.23975 1.29102 1.32959
1.23975 1.29102 1.33691
1.23975 1.29102 1.34424
1.23975 1.29102 1.35254
1.23975 1.29102 1.36084
1.23975 1.29102 1.36914
1.23975 1.29102 1.37744
1.23975 1.29102 1.38574
0.150146 0.164795 0.179443
1.23975 1.29102 1.39307
1.23975 1.29102 1.40039
1.23975 1.29102 1.40771
1.23975 1.29102 1.41504
1.23975 1.29102 1.42236
1.23975 1.29102 1.43066
1.23975 1.29102 1.43896
1.23975 1.29102 1.44727
1.23975 1.29102 1.45557
1.23975 1.29102 1.46191
0.0585938 0.0585938 0.0703125
0.164795 0.179443 0.180664
1.4126 1.46387 1.43457
1.4126 1.46387 1.44189
1.4126 1.46387 1.44922
1.4126 1.46387 1.45654
1.4126 1.46387 1.46387
0.164795 0.179443 0.187988
1.4126 1.46387 1.47119
1.4126 1.46387 1.47852
1.4126 1.46387 1.48584
1.4126 1.46387 1.49316
1.4126 1.46387 1.50049
1.4126 1.46387 1.50879
1.4126 1.46387 1.51709
0.0351562 0.0351562 0.046875
0.0341797 0.0341797 0.0427246
0.796875 0.796875 0.808594
0.796875 0.796875 0.820312
0.796875 0.796875 0.832031
0.796875 0.796875 0.84375
0.796875 0.796875 0.855469
0.796875 0.796875 0.867188
0.796875 0.796875 0.878906
0.796875 0.796875 0.890625
0.796875 0.796875 0.902344
0.796875 0.796875 0.914062
0.796875 0.796875 0.925781
0.925781 0.925781 0.9375
0.925781 0.925781 0.949219
0.925781 0.925781 0.960938
0.714844 0.925781 0.972656
0.714844 0.925781 0.984375
0.714844 0.925781 0.996094
0.714844 0.925781 1.00781
0.714844 0.925781 1.01953
0.714844 0.925781 1.03125
0.714844 0.925781 1.04297
0.714844 0.925781 1.05469
0.714844 0.925781 1.06641
0.714844 0.925781 1.07812
0.714844 0.925781 1.08984
0.714844 0.925781 1.10156
0.714844 0.925781 1.11328
0.714844 0.925781 1.125
0.714844 0.925781 1.13672
0.714844 0.925781 1.14844
1.44385 1.50244 1.48438
1.44385 1.50244 1.48389
1.44385 1.50244 1.4834
0.0437012 0.0437012 0.0554199
0.0437012 0.0437012 0.0671387
0.0437012 0.0437012 0.0788574
0.0437012 0.0437012 0.0905762
0.0437012 0.0437012 0.102295
0.0437012 0.0437012 0.114014
0.0437012 0.0437012 0.125732
1.46875 1.52734 1.47705
1.46875 1.52734 1.48535
0.0424805 0.0424805 0.0498047
0.0424805 0.0424805 0.0571289
1.46875 1.52734 1.49268
1.46875 1.52734 1.5
0.410156 0.410156 0.421875
0.410156 0.410156 0.433594
0.410156 0.410156 0.445312
0.410156 0.410156 0.457031
1.46875 1.52734 1.5083
0.410156 0.410156 0.46875
1.46875 1.52734 1.51562
0.410156 0.410156 0.480469
1.46875 1.52734 1.52295
1.46875 1.52734 1.53027
1.46875 1.52734 1.5376
0.410156 0.410156 0.492188
0.410156 0.410156 0.503906
0.410156 0.410156 0.515625
0.410156 0.410156 0.527344
1.46875 1.52734 1.54492
1.46875 1.52734 1.55225
1.46875 1.52734 1.55957
1.46875 1.52734 1.56689
1.56689 1.62549 1.5752
1.56689 1.62549 1.5835
1.56689 1.62549 1.5918
1.56689 1.62549 1.6001
1.56689 1.62549 1.6084
1.56689 1.62549 1.6167
1.56689 1.62549 1.625
1.56689 1.62549 1.6333
1.56689 1.62549 1.6416
1.56689 1.62549 1.6499
1.56689 1.62549 1.6582
1.56689 1.62549 1.6665
0.019043 0.019043 0.0263672
1.56689 1.62549 1.6748
1.56689 1.62549 1.68311
0.17334 0.180664 0.185059
1.56689 1.62549 1.69043
1.56689 1.62549 1.69775
1.56689 1.62549 1.70508
1.56689 1.62549 1.7124
1.56689 1.62549 1.71973
1.56689 1.62549 1.72803
0.019043 0.019043 0.0344238
0.17334 0.180664 0.196777
1.56689 1.62549 1.73535
1.73535 1.79395 1.74268
1.73535 1.79395 1.75
1.73535 1.79395 1.75732
1.73535 1.79395 1.76465
1.73535 1.79395 1.77295
0.117188 0.117188 0.128906
1.73535 1.79395 1.78125
1.73535 1.79395 1.78857
1.73535 1.79395 1.7959
0.117188 0.117188 0.140625
1.73535 1.79395 1.8042
1.73535 1.79395 1.8125
0.0820312 0.0820312 0.09375
1.73535 1.79395 1.8208
0.0585938 0.0585938 0.0703125
1.73535 1.79395 1.8291
1.73535 1.79395 1.8374
0.00805664 0.00805664 0.0153809
0.00805664 0.00805664 0.0270996
0.00805664 0.00805664 0.0153809
1.73535 1.79395 1.8457
1.73535 1.79395 1.854
1.73535 1.79395 1.8623
0.0241699 0.0241699 0.0322266
0.0241699 0.0241699 0.0322266
0.0241699 0.0241699 0.0402832
0.0241699 0.0241699 0.0483398
1.8623 1.9209 1.87061
1.8623 1.9209 1.87891
1.8623 1.9209 1.88721
0.0227051 0.0227051 0.0300293
0.0227051 0.0227051 0.041748
0.0344238 0.0344238 0.041748
0.0146484 0.0146484 0.0227051
0.0117188 0.0117188 0.0234375
0.0146484 0.0146484 0.0300293
0.0344238 0.0344238 0.0534668
0.0344238 0.0344238 0.060791
0.0146484 0.0146484 0.0373535
1.8623 1.9209 1.89453
0.09375 0.09375 0.105469
1.8623 1.9209 1.90186
0.0703125 0.0703125 0.0820312
0.0341797 0.0341797 0.0427246
0.808594 0.9375 0.884521
0.808594 0.9375 0.887451
0.808594 0.9375 0.89917
0.808594 0.9375 0.9021
0.808594 0.9375 0.913818
0.0344238 0.0344238 0.041748
0.0227051 0.0227051 0.0490723
0.0490723 0.0490723 0.0563965
0.060791 0.060791 0.0681152
0.0117188 0.0117188 0.0202637
0.0117188 0.0117188 0.0288086
0.0117188 0.0117188 0.0373535
0.0117188 0.0117188 0.0458984
0.0117188 0.0117188 0.0544434
0.0117188 0.0117188 0.0629883
0.041748 0.041748 0.0534668
0.0300293 0.0300293 0.0373535
0.0490723 0.0490723 0.0644531
0.060791 0.060791 0.0761719
0.0146484 0.0146484 0.0219727
0.09375 0.09375 0.105469
0.0703125 0.0703125 0.0820312
1.7334 1.82861 1.78467
1.7334 1.82861 1.79199
1.7334 1.82861 1.79932
0.0644531 0.0644531 0.0717773
0.0644531 0.0644531 0.0834961
0.0761719 0.0761719 0.0834961
0.0571289 0.0571289 0.0644531
0.0571289 0.0571289 0.0717773
1.7334 1.82861 1.79932
1.7334 1.82861 1.80664
0.527344 0.527344 0.539062
0.527344 0.527344 0.550781
0.527344 0.527344 0.5625
1.7334 1.82861 1.81396
0.527344 0.527344 0.574219
0.527344 0.527344 0.585938
1.7334 1.82861 1.80542
1.7334 1.82861 1.81274
1.7334 1.82861 1.82007
1.7334 1.82861 1.82739
1.7334 1.82861 1.83472
1.7334 1.82861 1.84204
1.7334 1.82861 1.84937
1.7334 1.82861 1.85669
1.7334 1.82861 1.86401
0.0373535 0.0373535 0.0454102
0.105469 0.105469 0.117188
1.60889 1.7334 1.823
0.0820312 0.0820312 0.09375
0.0438232 0.0438232 0.055542
0.0438232 0.0438232 0.0672607
0.0438232 0.0438232 0.0789795
0.0438232 0.0438232 0.0906982
0.0438232 0.0438232 0.102417
0.0438232 0.0438232 0.114136
1.72607 1.85059 1.77734
1.72607 1.85059 1.78467
1.72607 1.85059 1.77319
1.72607 1.85059 1.78052
1.72607 1.85059 1.78784
1.72607 1.85059 1.79517
1.58691 1.72607 1.63818
1.58691 1.72607 1.64551
1.58691 1.72607 1.65283
0.09375 0.117188 0.105469
0.00805664 0.00805664 0.0153809
0.00805664 0.00805664 0.0270996
0.00805664 0.00805664 0.0153809
0.0344238 0.0344238 0.0452881
0.0351562 0.0351562 0.046875
0.0452881 0.0452881 0.0570068
0.046875 0.046875 0.0585938
0.0452881 0.0452881 0.0687256
0.046875 0.046875 0.0703125
0.0341797 0.0341797 0.0427246
0.808594 0.808594 0.820312
0.808594 0.808594 0.832031
0.808594 0.808594 0.84375
0.808594 0.808594 0.855469
0.808594 0.808594 0.867188
0.808594 0.808594 0.878906
0.808594 0.808594 0.890625
0.808594 0.808594 0.902344
0.808594 0.808594 0.914062
0.808594 0.808594 0.925781
0.808594 0.808594 0.9375
0.808594 0.808594 0.949219
0.808594 0.808594 0.960938
0.808594 0.808594 0.972656
0.808594 0.808594 0.984375
0.808594 0.808594 0.996094
0.808594 0.808594 1.00781
0.808594 0.808594 1.01953
0.808594 0.808594 1.03125
0.808594 0.808594 1.04297
0.808594 0.808594 1.05469
0.808594 0.808594 1.06641
0.808594 0.808594 1.07812
0.808594 0.808594 1.08984
0.808594 0.808594 1.10156
0.808594 0.808594 1.11328
0.808594 0.808594 1.125
1.125 1.125 1.13672
1.125 1.125 1.14844
1.125 1.125 1.16016
0.0600586 0.0717773 0.0791016
1.38916 1.49902 1.47644
1.38916 1.49902 1.48376
0.539062 0.585938 0.597656
1.38916 1.49902 1.49109
0.539062 0.585938 0.609375
0.539062 0.585938 0.621094
1.38916 1.49902 1.49841
1.38916 1.49902 1.50574
0.0600586 0.0717773 0.0864258
0.0600586 0.0717773 0.09375
1.38916 1.49902 1.50281
1.38916 1.49902 1.51013
1.38916 1.49902 1.51746
1.38916 1.49902 1.52478
1.38916 1.49902 1.5321
1.38916 1.49902 1.53943
1.38916 1.49902 1.54675
1.38916 1.49902 1.55408
1.38916 1.49902 1.5614
1.38916 1.49902 1.56873
1.38916 1.49902 1.57605
1.38916 1.49902 1.58337
1.38916 1.49902 1.5907
1.38916 1.49902 1.59802
1.38916 1.49902 1.60535
1.38916 1.49902 1.61267
0.0351562 0.0351562 0.046875
0.0351562 0.0351562 0.0585938
0.0351562 0.0351562 0.0703125
1.54297 1.65283 1.58691
1.54297 1.65283 1.59424
0.0820312 0.0820312 0.09375
0.0351562 0.0585938 0.046875
0.105469 0.105469 0.117188
0.09375 0.09375 0.105469
0.0234375 0.0234375 0.0307617
0.0234375 0.0234375 0.0380859
0.0454102 0.0454102 0.0527344
0.0341797 0.0341797 0.0427246
0.808594 0.832031 0.820312
0.808594 0.832031 0.832031
0.808594 0.832031 0.84375
0.808594 0.832031 0.855469
0.808594 0.832031 0.867188
0.0820312 0.105469 0.12793
0.0820312 0.09375 0.112793
0.0117188 0.0117188 0.0234375
0.0820312 0.105469 0.135254
1.521 1.55762 1.52832
1.521 1.55762 1.53564
1.521 1.55762 1.54297
0.0703125 0.0703125 0.0776367
1.43506 1.54297 1.48694
1.43506 1.54297 1.48547
1.43506 1.54297 1.4928
1.43506 1.54297 1.50012
1.43506 1.54297 1.50745
0.0234375 0.0234375 0.0351562
0.0117188 0.0117188 0.0234375
0.0146484 0.0146484 0.0219727
0.0146484 0.0146484 0.0292969
0.0146484 0.0146484 0.0366211
0.0146484 0.0146484 0.0439453
0.0380859 0.0380859 0.0461426
0.0527344 0.0527344 0.0600586
0.0527344 0.0527344 0.0717773
0.0585938 0.0776367 0.0893555
1.20068 1.33838 1.34277
1.20068 1.33838 1.3501
1.20068 1.33838 1.35742
1.20068 1.33838 1.36475
1.20068 1.33838 1.37207
0.386719 0.46875 0.480469
0.386719 0.46875 0.492188
0.410156 0.492188 0.503906
0.410156 0.492188 0.515625
0.410156 0.492188 0.527344
0.410156 0.492188 0.539062
0.410156 0.492188 0.550781
0.410156 0.492188 0.5625
0.410156 0.492188 0.574219
0.410156 0.492188 0.585938
0.410156 0.492188 0.597656
0.410156 0.492188 0.609375
0.410156 0.492188 0.621094
0.410156 0.492188 0.632812
0.410156 0.492188 0.644531
0.410156 0.492188 0.65625
0.410156 0.492188 0.667969
0.410156 0.492188 0.679688
0.410156 0.492188 0.691406
0.410156 0.492188 0.703125
0.410156 0.492188 0.714844
0.0461426 0.0461426 0.0534668
0.0461426 0.0461426 0.060791
0.0717773 0.0717773 0.0791016
0.0703125 0.0703125 0.0776367
1.16748 1.27393 1.25195
1.16748 1.27393 1.25928
1.16748 1.27393 1.2666
1.16748 1.27393 1.27393
1.19678 1.30322 1.28125
0.0341797 0.0341797 0.0427246
0.820312 0.820312 0.832031
0.820312 0.820312 0.84375
0.820312 0.820312 0.855469
0.820312 0.820312 0.867188
0.820312 0.820312 0.878906
0.820312 0.820312 0.890625
0.820312 0.820312 0.902344
0.820312 0.820312 0.914062
0.820312 0.820312 0.925781
0.820312 0.820312 0.9375
0.820312 0.820312 0.949219
0.820312 0.820312 0.960938
0.820312 0.820312 0.972656
0.820312 0.820312 0.984375
0.820312 0.820312 0.996094
0.820312 0.820312 1.00781
0.820312 0.820312 1.01953
0.820312 0.820312 1.03125
0.820312 0.820312 1.04297
0.820312 0.820312 1.05469
0.820312 0.820312 1.06641
0.820312 0.820312 1.07812
0.820312 0.820312 1.08984
0.820312 0.820312 1.10156
0.820312 0.820312 1.11328
0.820312 0.820312 1.125
0.820312 0.820312 1.13672
0.820312 0.820312 1.14844
0.820312 0.820312 1.16016
0.00732422 0.00732422 0.0146484
0.060791 0.060791 0.0688477
0.0703125 0.0703125 0.0820312
0.0791016 0.0791016 0.0864258
0.0703125 0.0703125 0.09375
0.0703125 0.0703125 0.105469
0.0703125 0.0703125 0.117188
0.0791016 0.0791016 0.0981445
0.0776367 0.0776367 0.0893555
1.03125 1.2041 1.1095
1.03125 1.2041 1.10803
1.03125 1.2041 1.11536
1.03125 1.2041 1.12268
1.03125 1.2041 1.13
0.457031 0.457031 0.46875
0.457031 0.457031 0.480469
0.457031 0.457031 0.492188
0.457031 0.457031 0.503906
0.457031 0.457031 0.515625
0.457031 0.457031 0.527344
0.457031 0.457031 0.539062
0.457031 0.457031 0.550781
0.00952148 0.00952148 0.0180664
0.00952148 0.00952148 0.0297852
0.0100098 0.0100098 0.0185547
0.0234375 0.0393066 0.0351562
0.941406 1.03125 1.01953
0.941406 1.03125 1.02686
0.941406 1.03125 1.03418
1 1.08984 1.0415
1 1.08984 1.04883
0.0343018 0.0343018 0.0452881
0.0351562 0.0351562 0.046875
0.0343018 0.0343018 0.0560303
0.0351562 0.0351562 0.0585938
0.0343018 0.0343018 0.0667725
0.0351562 0.0351562 0.0703125
0.0234375 0.0234375 0.0351562
0.0234375 0.0234375 0.046875
0.0234375 0.0234375 0.0585938
0.0234375 0.0234375 0.0703125
0.0234375 0.0234375 0.0820312
0.0234375 0.0234375 0.09375
0.0117188 0.0117188 0.0234375
0.0234375 0.0234375 0.105469
0.0234375 0.0234375 0.117188
0.0234375 0.0234375 0.128906
0.0234375 0.0234375 0.140625
0.0234375 0.0234375 0.152344
0.0234375 0.0234375 0.164062
0.0234375 0.0234375 0.175781
0.0234375 0.0234375 0.1875
0.0234375 0.0234375 0.199219
0.0234375 0.0234375 0.210938
0.0117188 0.0234375 0.0234375
0.0234375 0.0234375 0.222656
0.0234375 0.0234375 0.234375
0.0234375 0.0234375 0.246094
0.0234375 0.0234375 0.257812
0.0234375 0.0234375 0.269531
0.0234375 0.0234375 0.28125
0.0234375 0.0234375 0.0351562
0.0234375 0.0234375 0.0351562
0.0234375 0.0234375 0.0351562
0.0234375 0.0234375 0.046875
0.989746 1.01465 1.02197
0.989746 1.01465 1.0293
0.0351562 0.0351562 0.046875
0.989746 1.01465 1.03662
0.989746 1.01465 1.04395
0.989746 1.01465 1.05127
0.989746 1.01465 1.05859
0.989746 1.01465 1.06592
0.0351562 0.0351562 0.0585938
0.989746 1.01465 1.07324
0.989746 1.01465 1.08057
0.989746 1.01465 1.08789
0.989746 1.01465 1.09521
0.989746 1.01465 1.10254
0.28125 0.28125 0.292969
0.0351562 0.0351562 0.0703125
0.989746 1.01465 1.10986
0.989746 1.01465 1.11719
0.989746 1.01465 1.12451
0.989746 1.01465 1.13184
0.989746 1.01465 1.13916
0.28125 0.28125 0.304688
0.28125 0.28125 0.316406
0.28125 0.28125 0.328125
0.28125 0.28125 0.339844
0.28125 0.28125 0.351562
0.351562 0.351562 0.363281
0.351562 0.351562 0.375
0.351562 0.351562 0.386719
0.351562 0.351562 0.398438
0.351562 0.351562 0.410156
0.351562 0.351562 0.421875
1.01611 1.11426 1.12158
1.01611 1.11426 1.12891
1.01611 1.11426 1.13623
1.01611 1.11426 1.14355
0.0341797 0.0341797 0.0427246
0.808594 0.808594 0.820312
0.808594 0.808594 0.832031
0.808594 0.808594 0.84375
0.808594 0.808594 0.855469
0.808594 0.808594 0.867188
0.074707 0.074707 0.0820312
0.681152 0.681152 0.717773
0.681152 0.681152 0.725098
0.074707 0.074707 0.0893555
0.681152 0.681152 0.732422
0.681152 0.681152 0.739746
0.739746 0.739746 0.74707
0.739746 0.739746 0.754395
0.739746 0.739746 0.761719
0.739746 0.739746 0.769043
0.739746 0.739746 0.776367
0.739746 0.739746 0.783691
0.0351562 0.0351562 0.046875
0.0351562 0.0351562 0.0585938
0.0351562 0.0351562 0.0703125
0.0351562 0.0351562 0.0820312
0.0351562 0.0351562 0.09375
0.0351562 0.0351562 0.105469
0.622559 0.739746 0.74707
0.622559 0.739746 0.754395
0.622559 0.739746 0.761719
0.622559 0.739746 0.769043
0.622559 0.739746 0.776367
0.0117188 0.0117188 0.0234375
0.0351562 0.0351562 0.117188
0.0351562 0.0351562 0.128906
0.0351562 0.0351562 0.140625
0.0146484 0.0146484 0.0219727
0.0146484 0.0146484 0.0292969
0.0146484 0.0146484 0.0366211
0.0146484 0.0146484 0.0439453
0.0341797 0.0341797 0.0427246
0.808594 0.808594 0.820312
0.808594 0.808594 0.832031
0.808594 0.808594 0.84375
0.808594 0.808594 0.855469
0.855469 0.855469 0.867188
0.855469 0.855469 0.878906
0.855469 0.855469 0.890625
0.855469 0.855469 0.902344
0.855469 0.855469 0.914062
0.855469 0.855469 0.925781
0.855469 0.855469 0.9375
0.855469 0.855469 0.949219
0.855469 0.855469 0.960938
0.855469 0.855469 0.972656
0.855469 0.855469 0.984375
0.855469 0.855469 0.996094
0.855469 0.855469 1.00781
0.855469 0.855469 1.01953
0.855469 0.855469 1.03125
0.855469 0.855469 1.04297
0.855469 0.855469 1.05469
0.855469 0.855469 1.06641
0.855469 0.855469 1.07812
0.855469 0.855469 1.08984
0.855469 0.855469 1.10156
0.855469 0.855469 1.11328
0.855469 0.855469 1.125
0.855469 0.855469 1.13672
0.855469 0.855469 1.14844
0.855469 0.855469 1.16016
0.074707 0.074707 0.0820312
0.637207 0.703125 0.672485
0.637207 0.703125 0.67981
0.637207 0.703125 0.687134
0.637207 0.703125 0.694458
0.666504 0.732422 0.701782
0.0820312 0.0820312 0.0893555
0.666504 0.666504 0.681152
0.666504 0.666504 0.688477
0.666504 0.666504 0.695801
0.666504 0.666504 0.703125
0.666504 0.666504 0.710449
0.0454102 0.0454102 0.0527344
0.0454102 0.0454102 0.0644531
0.0527344 0.0527344 0.0600586
0.0527344 0.0527344 0.0673828
0.0117188 0.0117188 0.019043
0.476074 0.498047 0.549316
0.476074 0.498047 0.556641
0.476074 0.498047 0.564941
0.476074 0.498047 0.573242
0.476074 0.498047 0.581543
0.476074 0.498047 0.576904
0.0498047 0.0644531 0.0571289
0.567871 0.589844 0.575195
0.567871 0.589844 0.583496
0.567871 0.589844 0.59082
0.567871 0.589844 0.598145
0.567871 0.589844 0.605469
0.0256348 0.0341797 0.0341797
0.75 0.808594 0.761719
0.75 0.808594 0.773438
0.75 0.808594 0.785156
0.75 0.808594 0.796875
0.567871 0.589844 0.61377
0.567871 0.589844 0.62207
0.494629 0.567871 0.616943
0.494629 0.567871 0.602051
0.494629 0.567871 0.610352
0.494629 0.567871 0.618652
0.494629 0.567871 0.626953
0.494629 0.567871 0.635254
0.494629 0.567871 0.643555
0.494629 0.567871 0.655273
0.494629 0.567871 0.666992
0.630371 0.703613 0.675293
0.630371 0.703613 0.683594
0.630371 0.703613 0.691895
0.630371 0.703613 0.683105
0.0490723 0.0571289 0.060791
0.0410156 0.0600586 0.0483398
0.0263672 0.0263672 0.0380859
0.0263672 0.0263672 0.0454102
0.0410156 0.0600586 0.0556641
0.630371 0.703613 0.671875
0.601074 0.630371 0.680176
0.601074 0.630371 0.688477
0.601074 0.630371 0.696777
0.601074 0.630371 0.705078
0.601074 0.630371 0.713379
0.601074 0.630371 0.72168
0.601074 0.630371 0.72998
0.601074 0.630371 0.738281
0.601074 0.630371 0.746582
0.601074 0.630371 0.754883
0.601074 0.630371 0.751953
0.601074 0.630371 0.742676
0.59375 0.601074 0.743164
0.59375 0.601074 0.751465
0.0146484 0.0146484 0.0219727
0.59375 0.601074 0.759766
0.59375 0.601074 0.768066
0.0146484 0.0146484 0.0292969
0.0263672 0.0263672 0.0527344
0.59375 0.601074 0.776367
0.535156 0.59375 0.783691
0.725098 0.783691 0.791016
0.0117188 0.0117188 0.0234375
0.0292969 0.0292969 0.0373535
0.0527344 0.0527344 0.060791
0.725098 0.783691 0.797852
0.725098 0.783691 0.805176
0.725098 0.783691 0.8125
0.725098 0.783691 0.819824
0.725098 0.783691 0.827148
0.725098 0.783691 0.834473
0.725098 0.783691 0.841797
0.725098 0.783691 0.849121
0.725098 0.783691 0.856445
0.725098 0.783691 0.86377
0.725098 0.783691 0.871094
0.725098 0.783691 0.878418
0.725098 0.783691 0.885742
0.725098 0.783691 0.893066
0.725098 0.783691 0.900391
0.725098 0.783691 0.907715
0.725098 0.783691 0.915039
0.725098 0.783691 0.922363
0.725098 0.783691 0.929688
0.725098 0.783691 0.937012
0.725098 0.783691 0.944336
0.725098 0.783691 0.95166
0.725098 0.783691 0.950195
0.725098 0.783691 0.94873
0.725098 0.783691 0.956055
0.725098 0.783691 0.963379
0.725098 0.783691 0.970703
0.725098 0.783691 0.978027
0.9375 0.996094 0.985352
0.9375 0.996094 0.992676
0.9375 0.996094 1
0.9375 0.996094 1.00732
0.9375 0.996094 1.01465
0.9375 0.996094 1.02197
0.9375 0.996094 1.0293
0.9375 0.996094 1.03662
0.9375 0.996094 1.04395
0.9375 0.996094 1.05127
0.9375 0.996094 1.05859
0.9375 0.996094 1.06592
0.9375 0.996094 1.07324
0.9375 0.996094 1.08057
0.9375 0.996094 1.08789
0.9375 0.996094 1.09521
0.9375 0.996094 1.10254
0.9375 0.996094 1.10986
0.9375 0.996094 1.11719
0.9375 0.996094 1.12451
0.9375 0.996094 1.13184
0.9375 0.996094 1.13916
0.9375 0.996094 1.14648
0.0351562 0.046875 0.0541992
0.9375 0.996094 1.13623
0.9375 0.996094 1.14355
0.9375 0.996094 1.15088
0.9375 0.996094 1.1582
0.9375 0.996094 1.16553
0.9375 0.996094 1.17285
0.9375 0.996094 1.18018
0.9375 0.996094 1.1875
1.16455 1.22314 1.19482
1.16455 1.22314 1.20215
1.16455 1.22314 1.20947
1.16455 1.22314 1.21582
1.16455 1.22314 1.22314
1.16455 1.22314 1.23145
0.0256348 0.0256348 0.0341797
0.457031 0.457031 0.46875
0.457031 0.457031 0.480469
0.457031 0.457031 0.492188
1.16455 1.22314 1.23975
0.457031 0.457031 0.503906
0.457031 0.457031 0.515625
0.457031 0.457031 0.527344
0.457031 0.457031 0.539062
0.457031 0.457031 0.550781
0.457031 0.457031 0.5625
0.457031 0.457031 0.574219
0.457031 0.457031 0.585938
0.457031 0.457031 0.597656
0.457031 0.457031 0.609375
0.457031 0.457031 0.621094
0.457031 0.457031 0.632812
1.16455 1.22314 1.23389
0.457031 0.457031 0.644531
0.457031 0.457031 0.65625
0.457031 0.457031 0.667969
0.457031 0.457031 0.679688
0.457031 0.457031 0.691406
0.457031 0.457031 0.703125
0.457031 0.457031 0.714844
1.21143 1.22607 1.21973
0.714844 0.714844 0.726562
0.714844 0.714844 0.738281
0.714844 0.714844 0.75
0.714844 0.714844 0.761719
0.714844 0.714844 0.773438
0.714844 0.714844 0.785156
0.714844 0.714844 0.796875
0.714844 0.714844 0.808594
0.0373535 0.0373535 0.0446777
1.21143 1.22607 1.22803
0.00805664 0.00805664 0.0153809
0.00805664 0.00805664 0.0270996
1.21143 1.22607 1.23535
0.00805664 0.00805664 0.0153809
1.21143 1.22607 1.24268
0.0234375 0.0234375 0.0351562
1.21143 1.22607 1.25098
0.0424805 0.0424805 0.0498047
1.21143 1.22607 1.25928
1.21143 1.22607 1.2666
1.21143 1.22607 1.27393
1.21143 1.22607 1.28125
1.21143 1.22607 1.28857
1.21143 1.22607 1.2959
0.046875 0.046875 0.0585938
0.0498047 0.0498047 0.0571289
1.2959 1.31055 1.30322
1.2959 1.31055 1.31055
0.046875 0.046875 0.0703125
0.046875 0.046875 0.0820312
1.2959 1.31055 1.31787
1.2959 1.31055 1.3252
1.2959 1.31055 1.33252
0.0446777 0.0446777 0.0563965
0.060791 0.060791 0.0681152
1.2959 1.31055 1.33984
1.2959 1.31055 1.34717
1.2959 1.31055 1.35449
1.2959 1.31055 1.36182
1.2959 1.31055 1.36914
1.36914 1.38379 1.37646
1.36914 1.38379 1.38379
1.36914 1.38379 1.39111
1.36914 1.38379 1.39844
1.36914 1.38379 1.40576
1.36914 1.38379 1.41309
1.36914 1.38379 1.42041
1.36914 1.38379 1.42773
1.36914 1.38379 1.43506
1.36914 1.38379 1.44238
1.36914 1.38379 1.44971
1.36914 1.38379 1.45703
1.36914 1.38379 1.46436
1.36914 1.38379 1.47168
1.36914 1.38379 1.479
1.36914 1.38379 1.48633
1.36914 1.38379 1.49365
0.0571289 0.0571289 0.0644531
1.36914 1.38379 1.50098
1.36914 1.38379 1.5083
1.36914 1.38379 1.51562
1.36914 1.38379 1.52295
1.36914 1.38379 1.53027
0.0227051 0.0551758 0.0344238
1.36914 1.38379 1.5376
1.36914 1.38379 1.54492
1.36914 1.38379 1.55225
1.36914 1.38379 1.55957
1.36914 1.38379 1.56689
1.36914 1.38379 1.57422
1.36914 1.38379 1.58154
1.36914 1.38379 1.58887
1.58887 1.60352 1.59619
1.58887 1.60352 1.60352
0.0234375 0.0585938 0.0351562
1.58887 1.60352 1.61084
1.58887 1.60352 1.61816
1.58887 1.60352 1.62549
1.58887 1.60352 1.63281
1.58887 1.60352 1.64014
1.58887 1.60352 1.64746
1.58887 1.60352 1.65479
1.58887 1.60352 1.66211
1.58887 1.60352 1.66943
1.58887 1.60352 1.67676
1.58887 1.60352 1.68408
1.58887 1.60352 1.69141
1.58887 1.60352 1.69873
1.58887 1.60352 1.70605
1.58887 1.60352 1.71338
1.58887 1.60352 1.7207
1.58887 1.60352 1.72803
1.58887 1.60352 1.73535
1.58887 1.60352 1.74268
1.58887 1.60352 1.75
1.58887 1.60352 1.75732
1.58887 1.60352 1.76465
1.58887 1.60352 1.77197
1.58887 1.60352 1.7793
1.58887 1.60352 1.78662
0.0234375 0.0234375 0.0351562
0.0234375 0.0234375 0.046875
1.58887 1.60352 1.79395
1.79395 1.80859 1.80127
1.79395 1.80859 1.80859
1.79395 1.80859 1.81592
1.79395 1.80859 1.82324
1.79395 1.80859 1.83057
1.79395 1.80859 1.83789
1.79395 1.80859 1.84521
1.79395 1.80859 1.85254
1.79395 1.80859 1.85986
1.79395 1.80859 1.86719
1.79395 1.80859 1.87451
1.79395 1.80859 1.88184
1.79395 1.80859 1.88916
1.79395 1.80859 1.89648
1.79395 1.80859 1.90381
1.79395 1.80859 1.91113
1.79395 1.80859 1.91846
1.79395 1.80859 1.92578
1.79395 1.80859 1.93311
1.79395 1.80859 1.94043
1.79395 1.80859 1.94775
0.00805664 0.00805664 0.0153809
1.79395 1.80859 1.95508
1.79395 1.80859 1.9624
1.79395 1.80859 1.96973
0.0644531 0.0644531 0.0717773
0.00805664 0.00805664 0.0270996
1.79395 1.80859 1.97705
1.79395 1.80859 1.98438
0.0117188 0.0234375 0.0234375
0.0117188 0.0234375 0.0344238
0.00805664 0.00805664 0.0153809
0.00805664 0.00805664 0.0270996
0.0270996 0.0270996 0.0344238
1.98438 1.99902 1.9917
1.98438 1.99902 1.99902
1.98438 1.99902 2.00635
1.98438 1.99902 2.01367
1.98438 1.99902 2.021
1.98438 1.99902 2.02832
0.0717773 0.0717773 0.0791016
1.98438 1.99902 2.03564
1.98438 1.99902 2.04297
0.0681152 0.0681152 0.079834
1.98438 1.99902 2.05029
1.98438 1.99902 2.05762
1.98438 1.99902 2.06494
1.98438 1.99902 2.07227
0.0681152 0.0681152 0.0871582
0.0270996 0.0270996 0.041748
1.98438 1.99902 2.07959
1.98438 1.99902 2.08691
0.0717773 0.0717773 0.0864258
2.08691 2.10156 2.09424
2.08691 2.10156 2.10156
2.08691 2.10156 2.10889
2.08691 2.10156 2.11621
2.08691 2.10156 2.12354
2.08691 2.10156 2.13086
2.08691 2.10156 2.13818
2.08691 2.10156 2.14551
0.0270996 0.0270996 0.0344238
0.041748 0.041748 0.0490723
2.08691 2.10156 2.15283
2.08691 2.10156 2.16016
2.08691 2.10156 2.16748
2.08691 2.10156 2.1748
2.08691 2.10156 2.18213
2.08691 2.10156 2.18945
2.08691 2.10156 2.19678
2.08691 2.10156 2.2041
2.08691 2.10156 2.21143
2.08691 2.10156 2.21875
2.08691 2.10156 2.22607
2.08691 2.10156 2.2334
2.08691 2.10156 2.24072
2.08691 2.10156 2.24805
2.08691 2.10156 2.25537
2.08691 2.10156 2.2627
2.08691 2.10156 2.27002
2.08691 2.10156 2.27734
2.08691 2.10156 2.28467
2.08691 2.10156 2.29199
2.08691 2.10156 2.29932
2.08691 2.10156 2.30664
2.30664 2.32129 2.31396
0.0864258 0.0864258 0.09375
2.30664 2.32129 2.32129
2.30664 2.32129 2.32861
2.30664 2.32129 2.33594
2.30664 2.32129 2.34326
2.30664 2.32129 2.35059
0.0864258 0.0864258 0.101074
2.30664 2.32129 2.35791
2.30664 2.32129 2.36523
2.30664 2.32129 2.37256
2.30664 2.32129 2.37988
2.30664 2.32129 2.38721
0.0512695 0.0864258 0.109619
0.0512695 0.0864258 0.116943
2.18213 2.30664 2.39453
2.18213 2.30664 2.40186
2.18213 2.30664 2.40918
2.18213 2.30664 2.4165
2.18213 2.30664 2.42383
2.18213 2.30664 2.43115
2.18213 2.30664 2.43848
2.18213 2.30664 2.4458
2.18213 2.30664 2.45312
2.18213 2.30664 2.46045
0.0563965 0.0563965 0.0637207
0.0512695 0.0864258 0.124268
2.33594 2.46045 2.46777
2.33594 2.46045 2.4751
2.33594 2.46045 2.48242
2.33594 2.46045 2.48975
2.33594 2.46045 2.49707
0.0891113 0.124268 0.131592
2.33594 2.46045 2.50439
2.33594 2.46045 2.51172
2.33594 2.46045 2.51904
2.33594 2.46045 2.52637
2.33594 2.46045 2.53369
0.0891113 0.124268 0.138916
2.33594 2.46045 2.54102
2.33594 2.46045 2.54834
2.33594 2.46045 2.55566
2.33594 2.46045 2.56299
2.33594 2.46045 2.57031
0.0117188 0.0234375 0.0234375
0.0117188 0.0234375 0.0351562
0.0117188 0.0234375 0.0234375
0.0117188 0.0234375 0.0351562
0.0234375 0.046875 0.036377
0.0234375 0.046875 0.0480957
0.0443115 0.0443115 0.0560303
0.0443115 0.0443115 0.067749
0.0443115 0.0443115 0.0794678
0.0443115 0.0443115 0.0911865
0.0443115 0.0443115 0.102905
0.0891113 0.124268 0.135742
2.33594 2.46045 2.56299
2.45312 2.57764 2.57031
2.45312 2.57764 2.57764
2.45312 2.57764 2.58496
2.45312 2.57764 2.59229
0.111084 0.14624 0.143066
2.45312 2.57764 2.58325
2.45312 2.57764 2.59058
2.45312 2.57764 2.58911
2.45312 2.57764 2.59644
2.45312 2.57764 2.60376
0.111084 0.14624 0.150391
2.45312 2.57764 2.60229
2.45312 2.57764 2.60962
2.45312 2.57764 2.61694
2.45312 2.57764 2.62427
2.45312 2.57764 2.63159
0.0341797 0.0341797 0.0427246
0.808594 0.808594 0.820312
0.808594 0.808594 0.832031
0.808594 0.808594 0.84375
0.808594 0.808594 0.855469
0.808594 0.808594 0.867188
0.0117188 0.0117188 0.0202637
0.0202637 0.0202637 0.0288086
0.0202637 0.0202637 0.0373535
0.0202637 0.0202637 0.0458984
0.0202637 0.0202637 0.0544434
0.0202637 0.0202637 0.0629883
0.0202637 0.0202637 0.0715332
0.0202637 0.0202637 0.0800781
0.0202637 0.0202637 0.088623
0.0202637 0.0202637 0.097168
0.0256348 0.0256348 0.0341797
0.0380859 0.0380859 0.0454102
0.0380859 0.0380859 0.0527344
0.0292969 0.0292969 0.0366211
0.0351562 0.0351562 0.046875
0.0351562 0.0351562 0.0585938
0.0351562 0.0351562 0.0703125
0.0351562 0.0351562 0.0820312
0.126953 0.126953 0.138672
0.0351562 0.0351562 0.09375
2.49707 2.55566 2.56299
2.49707 2.55566 2.57031
2.49707 2.55566 2.57764
2.49707 2.55566 2.58496
2.49707 2.55566 2.59229
0.0351562 0.0351562 0.105469
0.126953 0.126953 0.150391
2.49707 2.55566 2.59961
2.49707 2.55566 2.60693
2.54834 2.60693 2.61426
2.54834 2.60693 2.62158
2.54834 2.60693 2.62891
0.105469 0.105469 0.117188
0.105469 0.105469 0.128906
0.105469 0.105469 0.140625
0.105469 0.105469 0.152344
0.105469 0.105469 0.164062
0.150391 0.150391 0.162109
0.105469 0.105469 0.175781
2.54834 2.60693 2.62134
2.54834 2.60693 2.62866
2.54834 2.60693 2.63599
0.150391 0.150391 0.173828
2.54834 2.60693 2.63452
2.54834 2.60693 2.64185
2.54834 2.60693 2.64917
2.54834 2.60693 2.65649
2.54834 2.60693 2.66382
2.54834 2.60693 2.67114
0.105469 0.105469 0.1875
2.54834 2.60693 2.67847
0.105469 0.105469 0.199219
0.105469 0.105469 0.210938
0.105469 0.105469 0.222656
0.105469 0.105469 0.234375
0.0637207 0.0637207 0.0710449
0.0871582 0.0871582 0.0944824
0.0219727 0.0219727 0.032959
0.0710449 0.0710449 0.0791016
0.0351562 0.0351562 0.046875
0.0351562 0.0351562 0.0585938
0.0944824 0.0944824 0.102539
0.0234375 0.0234375 0.0351562
0.0234375 0.0234375 0.046875
0.0234375 0.0234375 0.0585938
0.0234375 0.0234375 0.0703125
0.0710449 0.0710449 0.0864258
2.56299 2.64355 2.57031
0.0710449 0.0710449 0.0981445
0.0944824 0.0944824 0.109863
0.0490723 0.0490723 0.0571289
0.0344238 0.0344238 0.0424805
0.0490723 0.0490723 0.0644531
0.0490723 0.0490723 0.0761719
0.0234375 0.0234375 0.0351562
0.0335693 0.0335693 0.0452881
0.0234375 0.0234375 0.046875
0.0527344 0.0527344 0.0600586
0.0424805 0.0424805 0.0498047
0.0335693 0.0335693 0.0561523
0.0234375 0.0234375 0.0585938
0.0424805 0.0424805 0.0615234
0.0227051 0.0227051 0.0344238
0.0761719 0.0761719 0.0834961
0.0344238 0.0344238 0.041748
0.0527344 0.0527344 0.0673828
0.0366211 0.0366211 0.0439453
2.54102 2.57031 2.57764
0.109863 0.109863 0.121582
0.109863 0.109863 0.128906
0.0761719 0.0761719 0.0908203
0.0424805 0.0424805 0.0688477
0.0761719 0.0761719 0.0981445
0.0256348 0.0256348 0.0341797
0.457031 0.761719 0.605713
0.457031 0.761719 0.617432
0.457031 0.761719 0.62915
0.457031 0.761719 0.640869
0.457031 0.761719 0.652588
0.457031 0.761719 0.655518
0.457031 0.761719 0.667236
0.457031 0.761719 0.670166
0.550781 0.855469 0.681885
0.550781 0.855469 0.684814
0.550781 0.855469 0.696533
0.550781 0.855469 0.699463
0.550781 0.855469 0.711182
0.550781 0.855469 0.7229
0.550781 0.855469 0.72583
0.550781 0.855469 0.737549
0.550781 0.855469 0.740479
0.550781 0.855469 0.752197
0.550781 0.855469 0.755127
0.550781 0.855469 0.766846
0.550781 0.855469 0.769775
0.550781 0.855469 0.781494
0.550781 0.855469 0.775635
0.550781 0.855469 0.787354
0.550781 0.855469 0.799072
0.550781 0.855469 0.810791
0.550781 0.855469 0.813721
0.550781 0.855469 0.825439
0.550781 0.855469 0.81958
0.550781 0.855469 0.82251
0.0703125 0.0703125 0.0820312
0.0703125 0.0703125 0.09375
2.54834 2.57764 2.58496
2.54834 2.57764 2.59229
0.0703125 0.0703125 0.105469
0.0703125 0.0703125 0.117188
0.0344238 0.0344238 0.0461426
0.0461426 0.0461426 0.0578613
0.0461426 0.0461426 0.0695801
0.0461426 0.0461426 0.0812988
0.041748 0.041748 0.0490723
0.0461426 0.0461426 0.0930176
0.0461426 0.0461426 0.104736
0.0219727 0.0219727 0.0292969
0.041748 0.041748 0.0563965
