1
1
7
1
0
1
0
0
0
1
1
0
0
0
0
1
15
9
1
0
0
0
0
0
0
0
1
3
0
1
0
0
0
1
0
0
1
0
0
0
0
0
1
0
0
0
0
0
0
0
0
0
0
1
0
1
0
0
0
0
0
0
0
5
1
3
5
1
1
3
0
0
0
5
1
0
1
4
0
0
0
1
0
0
0
12
0
0
0
0
0
0
0
6
0
1
0
0
0
0
0
0
0
0
0
0
1
0
0
0
0
0
0
0
0
0
0
0
0
0
0
0
0
0
1
0
0
0
0
0
1
0
0
0
1
0
0
0
0
0
1
0
0
0
0
0
1
0
1
2
0
0
1
0
0
0
0
0
0
0
2
0
0
1
1
0
0
0
7
0
0
0
0
0
0
0
0
0
0
0
0
0
0
0
1
0
1
0
0
1
0
0
0
0
0
0
0
0
0
0
0
0
1
0
4
0
0
0
0
0
0
0
0
0
0
0
0
0
1
0
0
0
0
0
1
1
1
1
0
10
8
1
0
0
0
2
0
1
1
0
0
0
0
1
0
0
0
2
0
0
0
0
0
1
0
3
8
0
0
0
0
0
0
0
0
0
3
1
0
0
0
0
0
0
0
0
0
0
0
1
0
0
0
0
0
0
0
0
0
0
0
0
0
0
0
1
0
0
0
0
0
0
0
1
0
0
0
0
0
0
1
0
0
0
0
0
0
0
0
1
0
0
0
0
0
0
1
0
0
0
1
5
0
0
0
0
0
0
0
0
0
1
2
6
0
0
0
0
8
2
1
0
0
0
2
0
0
0
0
0
0
0
0
0
0
0
0
1
1
0
0
0
0
0
1
1
0
0
0
0
0
0
1
0
0
0
0
0
0
0
0
3
0
0
0
1
5
0
0
0
0
0
0
1
0
0
1
7
8
0
0
3
0
1
0
0
0
1
0
0
1
0
0
1
0
0
1
2
0
0
0
0
0
0
0
0
1
0
1
0
0
0
0
0
0
0
0
0
0
0
0
1
1
1
0
0
0
0
0
0
1
0
0
0
1
0
0
0
0
0
0
0
0
1
0
0
0
1
0
0
0
0
0
0
1
0
0
0
1
0
1
2
2
4
1
1
3
2
0
2
1
0
3
0
0
0
1
0
0
0
0
0
1
0
0
0
0
0
0
0
0
0
0
0
1
0
0
0
0
0
0
1
0
0
1
0
0
0
0
0
0
0
0
0
0
4
0
0
0
1
0
0
0
0
0
1
0
1
0
0
0
1
0
0
0
0
0
0
0
0
0
0
0
0
0
0
0
0
0
1
0
0
0
0
0
0
0
0
0
0
1
0
0
0
0
0
0
0
0
0
0
0
0
1
5
6
0
0
0
0
0
0
0
0
0
0
0
0
0
0
0
1
0
1
0
0
0
0
0
0
0
0
0
0
0
0
0
0
0
0
0
1
0
0
0
0
2
0
0
9
14
15
0
0
0
0
0
0
0
0
1
0
0
0
0
0
0
0
0
1
0
2
0
0
0
0
0
0
0
0
0
0
1
0
2
0
0
0
0
1
0
17
10
0
0
0
0
0
0
1
2
1
2
0
0
0
0
0
0
0
0
0
0
0
0
0
1
0
0
0
1
0
1
2
0
1
0
1
0
0
0
0
0
1
0
0
0
0
0
0
0
0
1
0
0
0
0
0
0
0
0
0
0
0
0
1
0
1
0
0
0
0
0
1
0
0
0
0
0
0
0
0
0
0
0
0
0
1
7
23
10
0
0
0
0
0
0
0
0
0
0
0
0
0
0
0
0
0
0
1
0
0
3
3
0
0
5
0
6
0
5
1
13
1
1
1
0
0
0
0
0
1
0
0
1
1
1
0
0
0
1
0
0
0
0
8
0
0
1
0
0
0
1
0
0
0
0
0
1
5
2
0
1
1
0
0
4
0
1
0
0
0
0
0
0
1
0
1
5
50
79
94
114
137
149
150
153
153
152
149
149
143
144
149
153
148
144
148
147
145
144
139
128
117
103
91
79
68
55
43
32
21
8
0
0
0
7
2
0
0
0
0
0
0
0
0
0
0
0
0
1
0
0
0
0
1
0
0
0
0
0
0
0
0
0
0
0
4
1
0
1
1
1
3
0
0
0
0
0
0
0
0
0
0
0
1
14
11
0
0
0
0
0
0
0
1
0
0
0
0
0
0
1
0
0
1
0
1
3
0
0
0
0
0
3
0
0
0
0
0
0
0
0
0
0
0
0
0
0
1
0
0
0
1
1
1
0
0
0
0
0
1
0
0
0
0
1
5
0
0
0
0
0
0
0
0
0
0
0
0
0
0
0
0
0
0
0
0
0
10
17
5
0
1
0
0
0
0
1
0
0
0
0
0
0
0
0
0
1
1
0
1
0
0
0
0
0
0
0
0
0
0
0
0
0
0
0
0
0
0
0
0
0
0
0
0
0
1
0
0
0
0
1
0
0
0
0
0
0
0
0
0
1
0
0
0
0
0
0
0
0
0
1
0
2
16
4
0
0
1
0
1
0
0
0
0
0
0
0
0
0
0
1
0
0
0
0
0
8
9
0
0
1
2
0
12
0
0
0
0
1
0
0
0
1
0
2
2
0
0
0
0
0
1
6
0
0
1
0
0
0
0
0
0
0
0
0
0
0
0
0
1
1
0
0
1
0
0
1
0
0
0
0
0
0
0
1
1
4
1
0
0
0
0
0
0
1
0
0
1
0
0
0
0
0
0
0
1
0
0
0
0
0
0
1
15
10
0
9
0
0
0
0
0
0
0
0
0
1
0
0
0
0
0
0
0
0
0
0
0
1
1
3
0
0
0
0
0
0
0
1
1
0
0
0
0
0
1
1
0
1
1
0
0
0
0
0
0
0
0
1
0
0
0
1
0
0
1
0
0
0
0
0
0
0
1
0
2
7
0
0
0
0
0
1
0
0
0
0
0
1
5
12
0
0
0
0
0
0
0
0
2
0
0
0
0
0
0
2
0
0
0
0
0
15
3
0
0
0
0
1
1
1
0
0
0
0
0
0
2
1
0
0
0
0
0
0
0
0
0
0
0
0
0
0
0
0
0
0
0
0
1
0
0
0
0
0
0
1
0
0
6
0
0
0
0
0
0
1
0
1
0
0
0
0
0
0
0
0
1
1
16
4
0
1
0
0
0
0
0
0
1
0
0
0
0
0
0
0
0
0
0
0
0
0
0
0
0
0
0
0
0
0
0
0
0
0
0
0
1
0
0
0
0
0
0
1
1
1
0
0
0
0
0
0
0
0
0
0
0
0
0
0
0
0
0
0
0
0
0
0
0
0
1
0
0
23
6
0
1
1
0
1
0
0
0
4
6
1
1
1
6
8
55
68
50
39
36
35
27
13
1
0
1
1
0
0
0
0
0
1
2
0
0
1
0
1
0
0
1
0
0
0
0
0
0
0
1
0
3
0
0
0
1
0
2
0
0
0
0
0
0
1
0
1
0
1
1
0
1
0
0
0
0
0
0
0
0
0
0
0
0
0
0
0
0
0
0
0
0
0
0
1
1
1
0
0
0
1
0
1
0
1
19
7
0
0
0
0
0
FIN
