1
5
0
7
2
3
18
4
0
0
0
8
3
0
1
1
0
1
1
0
7
2
2
4
4
0
0
0
1
0
1
10
0
1
9
2
2
1
1
2
1
1
1
1
1
1
2
1
1
0
3
12
0
1
7
1
0
0
1
1
0
7
0
1
1
0
4
0
19
5
0
2
0
0
0
4
1
11
0
2
17
6
0
3
8
6
0
1
1
1
0
3
1
2
1
1
2
8
4
3
1
1
12
3
0
6
6
0
1
0
0
5
1
1
0
1
7
1
5
15
0
0
14
19
12
3
9
0
0
0
1
9
1
3
1
4
1
0
1
2
1
1
1
1
1
3
3
10
0
6
11
5
0
2
0
0
3
3
4
2
1
0
1
0
1
1
1
3
1
12
9
0
6
0
1
3
1
1
2
0
1
6
25
17
0
0
0
1
1
1
1
2
3
2
21
16
4
1
2
8
1
1
1
0
3
1
1
1
1
1
1
1
29
21
8
0
1
1
1
2
13
6
0
0
7
6
16
12
0
0
0
0
1
1
1
1
3
11
1
1
1
9
8
5
0
10
1
2
0
1
2
4
8
79
111
154
179
188
195
199
205
210
221
227
228
236
246
248
239
229
218
210
195
185
173
161
150
156
148
138
127
113
103
94
83
72
60
53
37
23
16
1
0
0
0
1
0
0
2
0
2
1
6
0
4
0
0
0
0
4
20
19
3
0
0
1
5
0
0
0
1
0
0
4
1
1
1
3
3
0
3
1
12
1
1
1
1
25
14
5
0
2
2
1
1
1
1
2
1
1
2
1
1
2
0
22
16
1
0
0
1
1
7
0
13
14
5
8
1
9
0
1
2
1
4
0
1
1
1
1
1
1
8
1
1
15
1
1
0
0
1
10
16
17
15
4
0
0
1
2
1
1
1
1
1
1
0
14
0
1
9
14
1
1
0
2
0
18
15
2
1
1
1
1
1
8
0
3
1
23
11
0
0
1
1
1
3
1
1
1
1
1
1
23
9
2
0
0
0
11
17
10
7
30
100
85
86
88
82
68
55
42
21
0
5
1
0
0
0
0
1
0
0
0
0
0
0
2
0
0
1
5
1
1
1
1
4
4
1
1
2
4
1
3
1
1
24
11
0
1
Producer done!
Consumer done!
Exiting!!
