1
2
13
13
14
12
15
12
9
7
6
7
5
2
4
5
26
33
32
34
35
34
33
32
29
28
25
37
34
36
43
41
42
40
42
39
38
43
40
36
34
30
27
24
21
19
17
13
11
10
9
8
7
4
3
1
2
1
11
7
4
1
1
2
9
7
12
17
25
24
32
32
32
35
41
39
38
36
43
40
37
36
37
34
32
32
45
44
42
43
42
40
40
42
51
52
53
50
47
45
43
40
39
37
37
33
30
29
29
27
26
24
21
19
19
17
16
14
14
11
8
6
2
1
0
1
1
1
0
0
0
3
3
0
0
1
0
1
3
1
0
0
0
1
1
1
3
3
3
3
4
12
9
5
8
7
6
4
5
5
3
1
8
8
9
10
13
9
7
8
18
16
15
13
11
8
9
9
9
11
15
12
9
6
3
1
14
10
11
10
8
7
5
2
0
0
0
0
0
0
0
1
0
1
4
2
6
6
17
16
13
10
8
6
3
0
0
1
0
1
1
1
2
1
1
1
3
7
11
18
16
35
48
45
44
44
48
50
48
50
48
45
41
38
36
35
41
38
36
38
46
43
40
37
34
33
37
38
57
56
54
51
49
49
46
44
41
43
43
54
60
59
58
56
56
52
48
45
43
41
38
35
34
33
30
27
25
22
19
18
17
17
17
15
13
13
11
9
7
6
5
3
3
5
4
5
8
7
4
2
0
1
1
3
3
1
3
3
5
1
1
1
1
0
1
1
2
1
1
2
7
4
2
4
16
15
13
13
13
12
10
7
7
7
16
21
32
34
36
36
43
58
61
62
59
56
56
58
57
54
50
46
42
37
34
33
30
28
26
23
20
25
22
20
19
17
15
13
12
17
22
21
18
16
14
14
11
10
9
5
1
0
1
1
11
14
12
11
16
29
34
32
29
27
23
19
16
13
11
8
11
32
34
40
40
44
44
51
49
45
44
44
41
39
39
37
35
34
31
28
40
38
37
34
32
29
26
24
21
22
21
25
30
29
29
28
28
26
23
23
23
21
20
26
22
20
18
20
18
17
15
12
11
10
12
10
9
7
6
4
4
7
7
5
4
3
3
4
5
4
2
2
2
0
0
0
0
1
0
1
1
1
0
1
2
7
13
30
31
31
36
47
53
52
58
61
60
62
59
55
53
51
50
47
45
44
42
51
48
44
41
38
36
34
30
27
24
22
20
21
18
16
15
13
11
10
11
9
7
4
1
0
0
0
0
1
0
1
0
1
5
5
7
6
13
15
14
10
6
4
2
2
4
0
0
0
1
1
0
0
0
0
1
0
0
0
0
0
1
0
0
0
1
0
1
0
0
0
0
0
1
0
0
0
1
1
1
0
0
0
0
2
1
0
0
0
0
1
1
11
25
22
20
18
17
30
27
25
24
22
19
17
15
13
11
12
9
6
6
6
4
2
0
0
1
0
1
0
1
6
8
5
2
1
0
1
1
2
2
1
4
1
5
11
15
30
51
54
51
46
43
40
36
33
31
29
28
26
23
20
18
13
11
10
7
5
3
8
5
4
1
0
1
1
1
0
1
4
4
3
9
7
7
5
10
7
5
30
29
27
25
22
20
19
18
21
24
23
33
30
27
24
24
21
19
17
17
16
14
14
14
13
12
10
8
6
8
9
8
18
17
16
14
12
11
10
8
7
6
5
3
1
0
1
0
1
1
0
0
1
0
0
1
0
1
0
1
1
2
1
0
0
0
1
2
1
1
0
0
1
0
0
0
1
1
1
1
2
2
0
0
1
0
1
2
19
41
38
36
34
33
32
31
30
30
29
27
28
27
24
23
22
20
20
20
22
22
22
20
28
38
38
38
46
44
57
57
67
65
85
86
87
87
91
89
87
86
82
80
78
78
76
81
83
82
81
81
79
79
79
77
81
90
91
89
89
90
89
87
84
87
87
86
84
83
91
95
110
109
110
113
126
124
129
133
132
131
130
127
126
125
125
130
135
135
134
162
220
247
271
307
334
350
360
377
380
390
400
405
412
420
438
450
454
461
475
487
497
507
509
508
506
504
502
501
500
497
495
495
493
492
491
490
488
503
506
504
504
502
500
499
498
498
497
496
495
493
492
492
493
494
492
490
491
491
489
489
487
487
486
484
484
483
482
481
486
491
490
490
493
503
512
522
520
519
527
526
523
521
519
516
515
513
515
530
541
548
546
544
542
540
539
536
535
538
536
534
532
529
530
530
529
527
525
530
530
536
540
538
537
536
537
540
544
542
539
538
535
533
532
529
528
525
523
522
521
521
519
521
521
519
518
516
516
523
521
518
517
515
514
514
515
514
513
514
516
535
533
531
529
527
525
523
522
519
518
516
517
517
516
515
513
511
511
509
506
505
502
508
530
529
528
528
528
528
529
529
531
531
528
526
524
522
519
518
515
515
516
520
522
521
526
524
521
521
519
517
514
511
510
507
506
503
501
502
498
497
494
493
493
493
492
491
490
488
487
485
482
481
480
479
480
483
483
482
483
483
482
480
476
474
472
472
471
468
466
464
462
460
458
457
457
467
467
473
493
493
496
495
499
497
496
494
499
498
495
492
490
489
489
488
488
496
493
490
487
484
484
497
509
509
509
511
519
518
539
537
536
533
531
529
528
525
525
524
525
524
536
538
536
535
534
533
532
533
538
538
536
535
532
530
528
524
522
520
517
514
511
511
510
506
503
501
499
499
510
511
509
504
501
499
495
491
489
487
485
485
484
501
501
500
499
496
494
493
490
490
490
491
491
495
494
491
488
486
484
481
479
480
479
478
476
476
475
473
474
497
495
495
514
516
514
515
512
509
506
503
500
498
496
494
491
488
485
481
478
476
472
469
467
464
462
460
463
468
464
461
458
456
454
453
450
448
448
447
446
448
445
443
440
438
435
433
430
428
425
423
420
418
416
414
412
411
408
406
405
405
404
404
404
402
401
399
397
396
394
392
394
393
408
408
405
403
401
398
395
393
391
388
385
383
384
383
394
403
400
396
394
391
388
387
393
394
397
394
391
389
385
382
381
382
380
380
377
375
375
398
395
392
389
386
383
381
387
388
387
384
380
377
374
371
376
376
373
369
365
362
360
357
355
352
352
349
347
344
340
338
335
333
330
328
326
324
321
319
317
314
312
310
307
304
302
300
301
305
301
297
294
291
289
287
285
281
278
279
275
274
274
271
269
266
265
264
287
287
284
281
280
279
276
275
273
274
271
269
267
264
262
259
258
255
252
250
247
245
242
239
236
234
232
230
227
226
223
222
219
218
215
213
211
211
211
209
211
215
217
215
213
211
211
211
212
213
211
213
212
213
212
210
210
208
207
204
201
199
196
195
192
191
189
189
186
182
180
178
175
173
170
169
202
204
204
205
207
208
206
204
202
201
211
224
229
232
237
249
266
326
359
360
361
377
389
392
398
398
399
395
394
393
390
388
384
383
384
388
388
386
385
383
382
384
382
387
390
393
391
387
383
381
377
375
374
377
378
375
370
367
365
363
365
363
364
365
365
361
359
357
356
356
355
366
366
375
379
377
375
373
372
370
366
364
362
364
363
361
358
355
352
350
346
344
343
346
343
340
338
338
342
344
344
344
341
339
336
333
330
337
357
352
350
347
345
343
344
FIN
344
339
335
332
329
325
323
320
317
314
310
307
303
298
294
290
286
282
278
273
269
265
261
257
253
249
244
240
236
232
228
224
220
216
213
211
208
205
202
197
194
189
185
182
179
177
174
171
167
164
160
157
153
150
148
144
141
137
134
131
128
125
121
117
114
112
109
105
103
100
96
93
90
87
84
80
77
74
72
68
66
62
59
55
51
48
46
43
41
38
35
33
30
27
25
22
20
17
14
11
8
5
2
