1
15
13
16
14
17
14
11
10
12
10
8
12
26
42
41
42
41
41
40
41
39
35
50
46
55
56
55
53
55
53
52
59
56
52
49
46
43
42
38
34
30
26
26
26
26
24
22
21
23
20
30
26
23
20
17
28
24
31
35
43
49
50
52
54
61
59
59
67
63
60
58
61
57
56
72
71
69
68
67
63
66
76
75
77
75
73
77
74
71
73
71
69
67
65
68
70
67
68
67
63
60
60
56
53
55
55
53
51
53
53
49
46
45
43
46
44
41
39
35
34
37
37
37
38
48
47
43
47
45
44
45
46
45
51
51
50
54
50
48
60
59
57
55
51
49
54
54
60
60
57
54
52
66
64
66
68
68
66
66
63
60
57
53
50
47
44
41
45
51
47
57
59
54
53
49
49
46
42
42
39
35
34
31
32
29
29
34
39
49
47
71
80
76
78
82
83
82
84
84
80
77
76
84
83
80
87
90
88
84
80
77
83
102
101
97
93
91
90
86
83
87
96
106
105
103
101
100
98
94
91
88
86
87
83
81
78
75
73
71
72
73
71
69
70
68
65
67
64
61
64
66
71
71
68
65
63
63
65
67
64
66
70
67
66
66
64
61
59
60
59
57
65
63
61
77
75
73
76
72
70
68
69
79
91
94
102
100
109
122
126
124
121
120
124
126
124
123
120
118
115
111
108
105
103
105
107
103
100
99
99
100
108
113
111
107
103
105
101
100
98
94
90
88
100
104
102
108
125
127
124
121
118
116
114
110
106
122
136
143
148
148
147
155
152
149
151
149
148
146
144
142
139
152
149
146
144
141
138
137
138
136
143
143
143
147
142
139
140
138
135
143
141
139
142
139
139
137
135
132
137
134
134
130
129
132
134
133
133
133
134
138
135
134
134
131
128
128
125
123
124
122
121
120
124
133
154
154
155
173
181
187
190
189
194
191
188
185
185
182
179
177
189
187
184
182
178
176
174
172
169
172
169
165
162
164
160
164
162
159
159
156
155
151
147
144
140
138
145
142
146
152
156
156
154
150
147
149
152
148
145
143
142
141
139
138
133
129
128
124
121
119
117
114
110
107
104
103
102
100
97
95
92
89
89
90
87
83
82
82
79
77
74
70
67
65
83
88
84
80
94
91
87
82
81
77
78
77
77
79
77
77
77
74
73
72
69
69
68
66
76
74
75
72
70
68
65
68
64
66
63
68
78
95
124
121
118
115
112
109
108
104
104
100
97
94
91
90
88
83
90
87
84
81
78
78
74
72
76
76
79
80
82
91
88
86
114
112
108
105
102
100
104
108
118
115
113
111
112
111
107
104
105
104
103
102
100
96
92
97
94
104
104
105
102
102
102
100
99
99
98
95
93
89
85
82
81
81
79
76
76
74
73
71
71
73
70
68
67
69
66
64
62
60
60
57
55
57
54
53
54
53
50
48
48
47
63
86
84
81
78
77
77
77
77
76
78
75
75
74
72
73
77
77
77
74
92
94
94
103
116
116
127
138
149
152
157
157
154
153
152
151
151
151
159
160
161
162
163
166
165
168
182
179
178
181
180
179
177
181
180
179
178
192
207
205
206
223
220
232
229
226
225
222
219
219
225
232
229
251
319
356
394
431
454
469
481
492
505
512
525
534
555
563
574
586
606
617
620
619
618
618
617
616
613
614
614
611
611
610
621
631
628
630
627
625
624
623
624
621
621
620
622
621
619
617
619
617
617
614
616
613
614
614
611
618
622
619
619
632
635
649
649
646
657
653
651
648
646
642
639
642
668
678
675
672
671
668
666
665
666
667
664
662
660
663
661
660
657
663
663
669
674
671
670
670
676
681
678
676
673
671
669
667
666
664
661
659
662
660
663
662
661
659
660
667
664
665
663
664
661
664
662
663
665
684
686
685
682
681
678
675
676
673
671
673
671
673
670
669
667
668
666
663
660
670
692
691
690
690
691
691
694
694
696
694
691
689
687
685
685
682
685
688
691
691
695
693
691
690
689
686
682
679
676
674
673
671
672
669
667
666
665
664
664
663
662
661
660
659
661
661
662
666
668
666
667
668
667
665
662
660
662
658
656
652
650
647
646
645
647
660
658
685
686
690
690
696
695
694
699
699
697
694
693
695
694
706
704
702
700
698
708
727
725
727
738
738
758
757
756
755
754
754
752
752
753
754
767
772
772
772
773
771
779
779
778
777
775
774
774
773
770
769
768
766
768
766
764
762
761
772
780
780
777
774
774
771
767
765
763
764
781
781
780
777
773
771
769
772
773
774
775
772
769
766
763
760
758
759
760
756
756
756
758
782
780
801
803
805
803
800
797
795
791
791
789
786
783
779
776
773
770
766
764
760
756
769
766
763
760
757
756
753
751
748
748
745
746
742
741
737
735
733
731
729
726
725
722
721
717
719
716
711
710
710
707
708
707
704
702
700
698
696
698
717
717
715
712
709
708
706
704
703
701
699
702
712
727
724
722
719
718
720
729
734
731
727
725
722
720
721
722
723
722
719
743
744
741
738
736
734
736
739
743
739
736
733
729
727
733
733
730
727
723
720
717
716
717
715
712
709
705
701
697
695
692
689
688
685
683
680
678
675
672
674
681
678
674
670
667
665
664
660
658
660
658
659
655
651
648
658
676
675
672
675
672
672
675
673
671
670
667
665
662
658
655
653
652
652
649
645
642
639
638
634
633
630
628
625
624
623
622
624
631
628
627
624
626
628
628
626
627
628
626
624
622
620
618
616
614
612
611
609
610
606
602
598
596
594
592
630
631
631
635
638
633
631
631
639
655
656
659
668
692
762
789
786
802
814
822
830
832
832
829
832
829
826
825
827
837
834
831
833
838
835
839
845
851
847
843
838
834
835
839
842
839
837
833
833
836
833
840
842
840
836
836
835
841
846
853
859
856
853
851
848
847
844
849
846
843
841
838
836
833
832
837
835
835
834
840
843
846
845
844
844
841
847
873
870
869
867
868
Producer done!
874
870
867
864
861
858
854
852
849
846
843
839
836
833
831
828
826
823
820
818
815
813
810
807
805
802
798
794
790
787
783
780
777
775
772
769
765
763
760
756
751
747
743
739
736
734
730
726
723
721
717
714
711
709
706
703
701
698
696
693
690
688
685
681
677
673
669
666
662
658
655
651
648
645
641
637
635
632
628
625
622
619
616
612
609
605
602
598
594
590
587
583
579
575
571
567
563
558
554
550
546
542
538
533
529
525
521
517
513
510
507
505
502
499
497
494
491
489
486
483
481
477
474
470
466
463
460
457
454
451
448
445
441
439
436
433
429
425
421
417
413
408
404
401
397
392
389
385
381
376
372
368
364
361
357
353
348
344
340
336
332
329
326
323
320
317
314
311
307
303
299
295
291
287
283
278
274
270
266
262
258
253
249
245
241
237
233
229
225
221
217
214
211
208
205
202
198
194
190
186
182
180
177
174
171
168
164
161
157
154
150
148
145
141
138
134
131
128
125
122
118
114
112
109
106
103
100
97
93
90
87
84
81
77
74
72
69
66
63
59
55
51
48
46
43
41
38
35
33
30
28
25
22
20
17
15
11
8
6
3
Consumer done!
Exiting!!
