1
13
13
8
7
2
0
5
0
1
3
25
30
31
27
22
18
13
6
18
11
19
13
11
8
4
6
5
0
0
0
2
0
0
0
1
1
2
0
1
2
6
6
0
0
13
11
15
21
27
24
26
30
25
22
24
18
17
14
11
25
22
19
16
14
24
18
18
14
8
2
0
1
0
0
3
0
0
0
0
3
2
0
0
0
0
2
0
3
2
0
0
4
0
0
1
1
0
0
0
0
1
2
2
2
1
10
4
0
5
2
4
3
0
8
7
4
6
0
14
11
7
2
0
3
2
10
4
0
0
0
11
9
5
2
0
1
0
0
0
0
0
1
6
2
4
16
8
4
0
1
0
0
2
0
0
0
3
0
1
4
5
11
21
37
31
28
29
27
27
22
14
6
1
9
6
2
15
9
4
1
7
20
23
18
13
12
5
0
4
12
17
13
9
6
0
0
0
0
0
0
0
0
0
1
0
3
0
1
2
0
0
2
0
6
2
4
4
0
0
1
1
2
0
1
0
2
1
0
1
0
0
3
0
0
4
4
0
9
13
10
6
5
1
0
0
3
8
22
22
24
30
38
38
33
25
19
21
21
14
9
3
0
0
0
0
0
0
3
1
0
0
0
1
2
6
8
2
0
1
1
0
0
0
0
0
0
14
9
3
10
23
21
14
8
0
0
0
0
1
17
27
32
36
30
25
29
23
17
15
12
9
6
1
0
0
13
8
3
0
0
0
1
2
1
7
6
2
3
0
0
0
1
0
7
1
0
0
2
1
0
0
0
7
2
2
0
0
3
4
0
0
0
2
3
0
0
3
0
1
2
1
3
6
25
24
21
25
31
33
36
37
39
35
27
20
18
11
4
0
7
11
6
1
0
0
1
0
0
0
3
0
0
0
1
1
1
0
0
0
1
6
1
2
6
6
2
0
0
0
2
2
0
0
1
1
1
1
2
1
1
9
24
19
14
10
21
16
7
1
0
0
2
1
5
0
0
3
0
1
1
8
2
0
0
1
1
3
1
3
10
21
46
39
31
25
19
13
6
1
2
0
0
0
0
0
1
0
2
5
0
1
0
2
1
1
1
8
1
0
9
1
0
28
23
19
14
9
5
5
5
10
9
4
0
3
0
0
0
1
0
0
1
1
0
0
7
2
9
6
6
0
1
1
1
1
1
1
1
1
0
2
1
1
1
1
1
1
15
38
33
30
24
24
19
18
13
13
7
5
0
2
3
3
0
18
16
23
17
30
37
36
50
49
52
45
39
35
29
27
25
28
26
25
24
24
20
21
32
28
25
24
22
18
20
16
12
17
28
34
31
32
38
47
42
39
37
31
28
30
33
28
62
129
161
210
234
246
263
274
286
291
304
328
336
346
362
375
383
381
379
376
373
371
366
365
361
358
355
369
371
368
366
361
358
355
354
350
346
343
344
342
338
336
334
330
328
323
321
317
315
312
308
316
314
312
323
336
337
341
338
333
328
323
319
332
349
350
346
342
336
331
331
326
322
316
317
314
309
303
307
311
314
308
306
310
313
308
302
297
292
288
284
279
275
272
265
265
260
255
251
258
252
250
244
242
242
237
233
232
253
247
240
235
230
223
219
214
207
206
203
198
194
189
188
183
175
169
197
193
188
185
181
180
177
173
166
158
150
145
139
131
134
134
126
127
119
112
108
102
96
91
86
81
77
76
71
67
62
61
57
55
50
46
43
38
37
34
33
36
31
27
24
20
13
6
1
1
1
0
1
0
0
2
3
9
31
28
30
25
30
26
21
22
16
9
1
4
1
3
8
1
0
1
9
27
23
24
30
27
45
40
36
33
29
25
22
21
21
26
25
20
14
14
9
14
11
7
0
2
1
0
1
0
4
1
0
0
1
12
11
7
0
1
0
0
0
0
2
16
13
5
0
0
0
5
1
4
0
0
0
0
0
3
1
0
2
1
13
25
21
40
39
38
33
27
18
11
8
2
0
0
0
0
0
0
0
0
9
9
1
1
1
0
0
0
0
0
2
0
0
0
1
1
0
2
0
1
0
5
0
0
1
2
2
0
0
0
0
0
1
19
17
11
6
1
0
1
0
4
1
26
20
15
10
7
12
10
13
6
1
0
0
5
1
1
0
9
25
20
15
11
6
12
13
6
0
0
0
9
8
2
0
0
0
0
5
0
0
0
0
0
0
0
0
0
0
1
0
0
0
0
3
7
0
0
0
2
0
0
0
3
0
2
0
0
1
0
27
23
18
19
13
9
4
1
0
1
0
0
0
0
0
1
0
0
0
0
0
0
1
0
0
0
0
0
2
1
1
2
5
1
0
1
1
1
2
1
1
1
1
1
0
1
0
0
0
0
0
0
0
0
0
0
0
1
8
33
30
28
30
22
14
8
4
19
26
28
37
57
125
147
141
159
171
176
174
174
169
165
157
149
142
139
143
135
126
123
123
114
118
118
119
113
106
99
91
88
93
84
77
69
64
63
57
59
56
52
45
40
33
31
41
38
46
41
36
30
24
21
13
15
10
5
0
0
0
0
1
6
2
1
3
8
8
9
1
0
0
0
18
28
23
19
16
16
Producer done!
16
10
4
Consumer done!
Exiting!!
