1
1
11
8
7
0
2
0
1
1
1
0
1
0
2
2
20
26
22
20
17
11
7
3
0
1
0
10
5
4
6
1
1
2
1
0
1
5
0
0
0
0
0
0
0
0
0
0
0
1
0
1
0
0
0
1
1
0
8
1
0
0
1
1
5
1
5
6
10
8
11
7
8
4
6
0
1
1
6
0
0
2
0
0
1
2
12
10
6
2
0
0
2
1
9
8
4
0
0
0
0
0
0
1
0
0
0
1
1
0
1
0
1
1
2
1
0
1
1
0
1
0
1
0
0
1
0
0
0
1
0
2
0
1
1
0
1
1
0
1
1
0
0
0
1
1
1
0
1
1
5
4
0
1
2
0
1
2
1
1
1
5
4
2
1
4
1
1
1
9
9
5
0
0
0
0
1
2
1
7
1
0
0
0
1
1
8
2
0
1
0
1
0
1
0
0
0
0
1
0
0
0
0
2
0
2
2
5
9
3
0
0
1
1
0
1
1
0
0
0
0
0
1
0
1
1
2
2
8
4
11
24
23
16
13
7
6
3
1
0
0
0
0
0
1
8
5
0
1
9
7
3
0
0
1
1
3
21
17
13
7
1
0
0
0
0
1
1
8
11
12
8
3
1
0
0
0
0
0
0
0
1
0
0
0
0
0
0
0
0
0
1
0
0
1
0
0
1
0
1
0
1
2
0
1
5
1
0
0
0
0
0
0
0
0
1
1
1
1
1
1
0
0
1
1
0
1
1
0
4
1
1
1
14
10
5
2
0
0
0
0
1
1
4
2
17
17
17
12
15
21
19
18
14
9
3
1
3
1
0
0
0
0
0
0
0
0
0
1
0
1
0
0
0
1
1
1
1
4
5
3
0
1
0
1
0
0
1
0
0
0
0
1
4
9
4
0
4
15
19
12
5
0
0
0
0
0
0
0
4
19
23
25
22
21
17
15
14
9
4
4
1
0
1
0
0
0
1
1
4
8
4
0
0
0
0
0
1
1
1
1
6
3
0
0
1
0
0
1
1
1
0
5
0
1
1
1
0
0
0
0
0
0
1
1
1
0
1
1
1
2
1
0
1
1
0
1
1
1
1
1
0
0
0
0
0
1
0
1
0
0
0
1
1
2
5
21
18
13
12
23
26
21
25
26
21
20
14
7
2
1
0
0
0
0
0
10
6
0
0
1
0
1
0
0
0
0
1
0
0
1
0
1
0
1
1
0
1
0
0
0
0
0
0
0
0
1
0
1
4
1
2
1
6
2
0
0
0
1
0
0
2
0
0
0
1
0
0
0
0
0
1
0
0
0
0
0
1
0
0
0
1
0
1
0
0
0
0
0
1
0
0
0
0
2
0
0
0
0
0
0
1
0
0
0
0
1
0
11
20
14
10
5
2
10
1
0
1
0
1
1
1
1
1
3
0
1
1
0
0
0
1
0
0
0
0
1
0
6
1
0
0
0
0
0
0
1
0
0
1
1
4
8
9
17
34
32
26
20
14
8
2
0
0
0
0
0
0
0
0
1
0
0
0
0
1
4
0
0
0
0
1
0
0
0
2
1
0
0
2
2
0
3
0
0
1
25
20
16
11
7
1
0
3
1
0
9
7
2
0
1
1
0
1
1
0
1
0
1
1
0
0
0
0
1
5
1
2
6
2
0
1
0
0
0
0
0
0
1
0
0
0
0
0
0
1
1
1
0
1
1
0
0
0
0
0
0
1
0
0
1
0
1
1
0
0
1
1
1
0
0
0
1
0
0
1
1
0
0
0
1
1
1
10
33
32
28
23
19
14
11
6
2
1
1
1
0
0
0
1
0
1
1
3
0
1
0
0
14
14
8
6
8
7
13
10
14
15
25
24
19
22
18
11
6
1
0
0
1
1
5
2
1
0
1
1
2
0
0
3
1
10
5
2
2
1
1
0
1
1
0
0
1
2
12
14
18
14
12
17
21
18
24
16
12
7
4
0
0
0
1
3
4
1
11
68
98
121
149
181
198
208
219
226
233
237
245
247
256
267
279
283
286
298
306
314
320
324
321
318
315
311
308
305
300
297
294
291
286
282
279
275
274
290
285
283
280
275
271
268
264
261
258
251
248
245
240
236
235
232
227
224
223
219
214
211
207
204
198
193
190
187
182
180
186
183
180
179
188
187
197
197
194
196
195
190
185
179
174
169
164
162
173
180
183
177
172
168
163
158
152
148
149
143
139
132
126
122
120
115
108
104
104
100
102
104
98
91
88
85
87
88
83
77
69
63
57
51
45
39
31
25
18
12
8
1
3
0
0
0
1
1
2
0
0
0
0
0
1
0
1
1
1
2
18
11
3
0
0
0
0
0
0
0
0
2
0
0
0
0
0
1
0
0
0
0
4
28
25
22
19
15
13
11
10
8
6
0
0
0
0
0
1
0
1
2
3
1
1
4
1
0
1
0
0
0
0
0
0
0
0
0
1
0
0
0
0
1
1
0
1
0
0
1
1
0
1
1
1
1
1
0
1
1
1
0
0
0
0
1
0
0
0
0
0
0
1
1
1
1
11
5
13
25
22
22
18
21
14
8
3
2
1
0
1
1
1
1
1
4
5
0
0
0
0
1
13
21
19
16
15
21
16
32
29
23
18
14
9
3
0
0
1
0
4
9
7
3
1
1
1
1
8
3
0
1
1
1
1
0
0
0
0
0
0
1
0
0
0
0
0
1
2
11
6
0
0
0
0
0
1
0
0
0
0
1
15
10
4
0
0
0
0
0
0
4
0
1
5
0
0
0
1
0
1
1
0
1
0
0
0
0
1
2
24
20
18
35
32
29
25
17
8
2
0
0
1
0
0
0
0
0
0
1
0
0
0
1
0
0
0
10
3
0
0
0
0
0
1
1
1
1
1
0
1
0
1
1
0
1
1
1
0
0
0
0
1
0
0
2
1
0
1
0
0
0
1
0
1
0
1
1
0
0
1
0
1
17
12
7
2
0
0
0
0
0
0
0
1
0
1
16
18
13
9
4
0
0
5
6
2
2
0
0
0
1
1
0
0
1
1
0
0
21
21
16
12
6
2
0
2
2
3
0
0
0
0
1
1
4
2
0
0
0
1
0
0
0
1
0
1
0
0
0
0
0
0
0
1
0
0
1
0
0
0
0
0
0
1
0
1
8
0
0
1
0
0
0
1
0
1
0
0
0
1
0
0
0
1
1
1
25
20
15
12
11
5
1
1
3
0
0
1
0
0
0
0
0
0
0
0
0
1
0
0
0
0
0
0
0
0
0
0
0
0
1
1
0
0
0
3
1
4
1
0
0
0
1
1
1
0
0
1
1
1
0
1
0
0
1
1
1
0
0
1
0
0
1
0
0
1
0
0
0
0
0
23
30
26
22
19
17
8
1
0
0
4
12
23
22
21
28
44
76
127
131
128
139
146
152
154
150
148
140
134
130
122
114
107
101
96
89
92
85
82
78
73
70
63
58
61
57
54
45
37
30
22
16
14
13
13
5
0
1
0
1
4
0
1
3
1
0
1
1
0
1
1
4
6
4
12
6
1
0
0
0
0
1
0
4
0
0
0
0
0
1
0
1
1
1
1
0
1
1
3
5
4
2
1
0
0
0
1
2
27
24
20
16
11
8
6
FIN
7
